Experiment id: 05b022f2-540e-4a99-a5a3-9f7eeda9ef75
Performance Test Version: 57791ae
Logfile name: 
Communication mean: ROS2
RMW Implementation: rmw_cyclonedds_cpp
DDS domain id: 0
QOS: Reliability: RELIABLE Durability: VOLATILE History kind: KEEP_LAST History depth: 10 Sync. pub/sub: 0
Publishing rate: 80
Topic name: Array60k
Maximum runtime (sec): 30
Number of publishers: 1
Number of subscribers: 0
Memory check enabled: 0
Use single participant: 0
With security: 0
Roundtrip Mode: NONE
Ignore seconds from beginning: 1

---EXPERIMENT-START---
T_experiment,	T_loop,	received,	sent,	lost,	relative_loss,	data_received,	latency_min (ms),	latency_max (ms),	latency_mean (ms),	latency_variance (ms),	pub_loop_res_min (ms),	pub_loop_res_max (ms),	pub_loop_res_mean (ms),	pub_loop_res_variance (ms),	sub_loop_res_min (ms),	sub_loop_res_max (ms),	sub_loop_res_mean (ms),	sub_loop_res_variance (ms),	ru_utime,	ru_stime,	ru_maxrss,	ru_ixrss,	ru_idrss,	ru_isrss,	ru_minflt,	ru_majflt,	ru_nswap,	ru_inblock,	ru_oublock,	ru_msgsnd,	ru_msgrcv,	ru_nsignals,	ru_nvcsw,	ru_nivcsw,	cpu_usage (%),	
2.000450,		1.000127,		0,		80,		0,		0.00,		0,		inf,		-inf,		0,		0,		11.59,		12.23,		11.9,		9.173e-06,		inf,		-inf,		0,		0,		0.04256,		0.04256,		23252,		0,		0,		0,		3183,		0,		0,		0,		8,		0,		0,		0,		289,		2,		0.3124,		
3.000807,		1.000073,		0,		79,		0,		0.00,		0,		inf,		-inf,		0,		0,		11.5,		12.25,		11.82,		1.849e-05,		inf,		-inf,		0,		0,		0.05285,		0.07688,		23252,		0,		0,		0,		3189,		0,		0,		0,		8,		0,		0,		0,		389,		2,		0.2499,		
4.001206,		1.000133,		0,		79,		0,		0.00,		0,		inf,		-inf,		0,		0,		11.51,		12.27,		11.8,		1.314e-05,		inf,		-inf,		0,		0,		0.07058,		0.1035,		23252,		0,		0,		0,		3189,		0,		0,		0,		8,		0,		0,		0,		484,		2,		0.3124,		
5.001591,		1.000132,		0,		79,		0,		0.00,		0,		inf,		-inf,		0,		0,		11.51,		12.3,		11.81,		2.449e-05,		inf,		-inf,		0,		0,		0.0822,		0.1341,		23252,		0,		0,		0,		3189,		0,		0,		0,		8,		0,		0,		0,		585,		2,		0.2499,		
6.002090,		1.000229,		0,		79,		0,		0.00,		0,		inf,		-inf,		0,		0,		11.55,		12.31,		11.91,		4.512e-05,		inf,		-inf,		0,		0,		0.09242,		0.1596,		23252,		0,		0,		0,		3189,		0,		0,		0,		8,		0,		0,		0,		686,		2,		0.1874,		
7.002625,		1.000260,		0,		79,		0,		0.00,		0,		inf,		-inf,		0,		0,		11.47,		12.27,		11.79,		2.106e-05,		inf,		-inf,		0,		0,		0.09903,		0.1981,		23252,		0,		0,		0,		3189,		0,		0,		0,		8,		0,		0,		0,		787,		2,		0.2499,		
8.003157,		1.000269,		0,		79,		0,		0.00,		0,		inf,		-inf,		0,		0,		11.04,		12.2,		11.8,		2.292e-05,		inf,		-inf,		0,		0,		0.1139,		0.2278,		23252,		0,		0,		0,		3189,		0,		0,		0,		8,		0,		0,		0,		893,		4,		0.3123,		
9.003584,		1.000143,		0,		79,		0,		0.00,		0,		inf,		-inf,		0,		0,		11.09,		12.31,		11.8,		2.025e-05,		inf,		-inf,		0,		0,		0.1369,		0.2509,		23252,		0,		0,		0,		3189,		0,		0,		0,		8,		0,		0,		0,		1001,		7,		0.3124,		
10.003996,		1.000075,		0,		79,		0,		0.00,		0,		inf,		-inf,		0,		0,		11.55,		12.21,		11.82,		1.32e-05,		inf,		-inf,		0,		0,		0.1542,		0.2776,		23252,		0,		0,		0,		3189,		0,		0,		0,		8,		0,		0,		0,		1103,		8,		0.2499,		
11.004425,		1.000153,		0,		79,		0,		0.00,		0,		inf,		-inf,		0,		0,		11.51,		12.28,		11.81,		1.583e-05,		inf,		-inf,		0,		0,		0.1542,		0.3213,		23252,		0,		0,		0,		3189,		0,		0,		0,		8,		0,		0,		0,		1206,		9,		0.3124,		
12.004843,		1.000138,		0,		79,		0,		0.00,		0,		inf,		-inf,		0,		0,		11.54,		12.28,		11.81,		1.565e-05,		inf,		-inf,		0,		0,		0.1611,		0.3584,		23252,		0,		0,		0,		3189,		0,		0,		0,		8,		0,		0,		0,		1306,		10,		0.2499,		
13.005243,		1.000134,		0,		79,		0,		0.00,		0,		inf,		-inf,		0,		0,		11.55,		12.18,		11.8,		1.149e-05,		inf,		-inf,		0,		0,		0.1761,		0.3881,		23252,		0,		0,		0,		3189,		0,		0,		0,		8,		0,		0,		0,		1406,		10,		0.2499,		
14.005522,		1.000124,		0,		79,		0,		0.00,		0,		inf,		-inf,		0,		0,		9.056,		12.13,		11.74,		0.0001017,		inf,		-inf,		0,		0,		0.1937,		0.4183,		23252,		0,		0,		0,		3189,		0,		0,		0,		8,		0,		0,		0,		1508,		10,		0.3124,		
15.005937,		1.000146,		0,		75,		0,		0.00,		0,		inf,		-inf,		0,		0,		0.2798,		11.99,		11.48,		0.003429,		inf,		-inf,		0,		0,		0.2107,		0.4449,		23252,		0,		0,		0,		3189,		0,		0,		0,		8,		0,		0,		0,		1606,		10,		0.3124,		
16.006496,		1.000251,		0,		83,		0,		0.00,		0,		inf,		-inf,		0,		0,		-59.5,		11.97,		-4.225,		0.3649,		inf,		-inf,		0,		0,		0.23,		0.4715,		23252,		0,		0,		0,		3189,		0,		0,		0,		16,		0,		0,		0,		1696,		10,		0.2499,		
17.007013,		1.000240,		0,		79,		0,		0.00,		0,		inf,		-inf,		0,		0,		-9.411,		12.27,		10.93,		0.01036,		inf,		-inf,		0,		0,		0.2645,		0.483,		23252,		0,		0,		0,		3190,		0,		0,		0,		16,		0,		0,		0,		1801,		11,		0.3123,		
18.007530,		1.000248,		0,		79,		0,		0.00,		0,		inf,		-inf,		0,		0,		11.5,		12.36,		11.8,		1.528e-05,		inf,		-inf,		0,		0,		0.2763,		0.5143,		23252,		0,		0,		0,		3190,		0,		0,		0,		16,		0,		0,		0,		1891,		12,		0.2499,		
19.008003,		1.000153,		0,		79,		0,		0.00,		0,		inf,		-inf,		0,		0,		11.49,		11.97,		11.8,		9.457e-06,		inf,		-inf,		0,		0,		0.2872,		0.5477,		23252,		0,		0,		0,		3190,		0,		0,		0,		16,		0,		0,		0,		1983,		13,		0.2499,		
20.008434,		1.000152,		0,		79,		0,		0.00,		0,		inf,		-inf,		0,		0,		11.52,		12.31,		11.86,		2.65e-05,		inf,		-inf,		0,		0,		0.3091,		0.5648,		23252,		0,		0,		0,		3190,		0,		0,		0,		16,		0,		0,		0,		2074,		14,		0.2499,		
21.009071,		1.000361,		0,		79,		0,		0.00,		0,		inf,		-inf,		0,		0,		11.54,		11.97,		11.8,		1.068e-05,		inf,		-inf,		0,		0,		0.3243,		0.5945,		23252,		0,		0,		0,		3190,		0,		0,		0,		16,		0,		0,		0,		2171,		14,		0.3123,		
22.009495,		1.000143,		0,		79,		0,		0.00,		0,		inf,		-inf,		0,		0,		11.52,		12.29,		11.84,		2.386e-05,		inf,		-inf,		0,		0,		0.3337,		0.6247,		23252,		0,		0,		0,		3190,		0,		0,		0,		16,		0,		0,		0,		2272,		14,		0.2499,		
23.009916,		1.000149,		0,		79,		0,		0.00,		0,		inf,		-inf,		0,		0,		1.182,		12.29,		11.68,		0.001411,		inf,		-inf,		0,		0,		0.3496,		0.6516,		23252,		0,		0,		0,		3190,		0,		0,		0,		16,		0,		0,		0,		2374,		14,		0.2499,		
24.010338,		1.000155,		0,		79,		0,		0.00,		0,		inf,		-inf,		0,		0,		2.861,		12.31,		11.71,		0.001014,		inf,		-inf,		0,		0,		0.3584,		0.685,		23252,		0,		0,		0,		3190,		0,		0,		0,		16,		0,		0,		0,		2478,		14,		0.2499,		
25.010851,		1.000244,		0,		79,		0,		0.00,		0,		inf,		-inf,		0,		0,		11.5,		12.31,		11.8,		2.289e-05,		inf,		-inf,		0,		0,		0.3613,		0.7266,		23252,		0,		0,		0,		3191,		0,		0,		0,		16,		0,		0,		0,		2583,		15,		0.3123,		
26.011251,		1.000121,		0,		79,		0,		0.00,		0,		inf,		-inf,		0,		0,		2.307,		12.13,		11.62,		0.001384,		inf,		-inf,		0,		0,		0.3841,		0.749,		23252,		0,		0,		0,		3191,		0,		0,		0,		16,		0,		0,		0,		2686,		17,		0.2499,		
27.018026,		1.000096,		0,		80,		0,		0.00,		0,		inf,		-inf,		0,		0,		11.57,		12.31,		11.86,		3.989e-05,		inf,		-inf,		0,		0,		0.3947,		0.7779,		23252,		0,		0,		0,		3191,		0,		0,		0,		16,		0,		0,		0,		2791,		17,		0.2483,		
28.018185,		1.000084,		0,		79,		0,		0.00,		0,		inf,		-inf,		0,		0,		1.955,		12.31,		11.73,		0.001235,		inf,		-inf,		0,		0,		0.4023,		0.8085,		23252,		0,		0,		0,		3191,		0,		0,		0,		16,		0,		0,		0,		2883,		18,		0.25,		
29.018627,		1.000131,		0,		79,		0,		0.00,		0,		inf,		-inf,		0,		0,		11.57,		12.28,		11.84,		2.345e-05,		inf,		-inf,		0,		0,		0.4173,		0.8345,		23252,		0,		0,		0,		3191,		0,		0,		0,		16,		0,		0,		0,		2974,		19,		0.2499,		
30.019115,		1.000229,		0,		79,		0,		0.00,		0,		inf,		-inf,		0,		0,		11.61,		12.32,		11.85,		1.784e-05,		inf,		-inf,		0,		0,		0.4313,		0.8626,		23252,		0,		0,		0,		3191,		0,		0,		0,		16,		0,		0,		0,		3065,		24,		0.3123,		
Maximum runtime reached. Exiting.
