Experiment id: 30c87bab-b049-426b-81d9-45275364dac7
Performance Test Version: 57791ae
Logfile name: 
Communication mean: ROS2
RMW Implementation: rmw_cyclonedds_cpp
DDS domain id: 0
QOS: Reliability: RELIABLE Durability: VOLATILE History kind: KEEP_LAST History depth: 10 Sync. pub/sub: 0
Publishing rate: 120
Topic name: Array60k
Maximum runtime (sec): 30
Number of publishers: 1
Number of subscribers: 0
Memory check enabled: 0
Use single participant: 0
With security: 0
Roundtrip Mode: NONE
Ignore seconds from beginning: 1

---EXPERIMENT-START---
T_experiment,	T_loop,	received,	sent,	lost,	relative_loss,	data_received,	latency_min (ms),	latency_max (ms),	latency_mean (ms),	latency_variance (ms),	pub_loop_res_min (ms),	pub_loop_res_max (ms),	pub_loop_res_mean (ms),	pub_loop_res_variance (ms),	sub_loop_res_min (ms),	sub_loop_res_max (ms),	sub_loop_res_mean (ms),	sub_loop_res_variance (ms),	ru_utime,	ru_stime,	ru_maxrss,	ru_ixrss,	ru_idrss,	ru_isrss,	ru_minflt,	ru_majflt,	ru_nswap,	ru_inblock,	ru_oublock,	ru_msgsnd,	ru_msgrcv,	ru_nsignals,	ru_nvcsw,	ru_nivcsw,	cpu_usage (%),	
2.000348,		1.000098,		0,		105,		0,		0.00,		0,		inf,		-inf,		0,		0,		-202.4,		7.79,		-68.55,		5.31,		inf,		-inf,		0,		0,		0.03166,		0.08142,		23152,		0,		0,		0,		3182,		0,		0,		0,		8,		0,		0,		0,		293,		2,		0.3124,		
3.000851,		1.000150,		0,		110,		0,		0.00,		0,		inf,		-inf,		0,		0,		-230.5,		-171.1,		-196.2,		0.1566,		inf,		-inf,		0,		0,		0.04185,		0.1256,		23152,		0,		0,		0,		3182,		0,		0,		0,		8,		0,		0,		0,		379,		2,		0.3123,		
4.001307,		1.000174,		0,		112,		0,		0.00,		0,		inf,		-inf,		0,		0,		-298.2,		-210.4,		-263.3,		0.6,		inf,		-inf,		0,		0,		0.05846,		0.1656,		23152,		0,		0,		0,		3182,		0,		0,		0,		8,		0,		0,		0,		467,		3,		0.3124,		
5.001728,		1.000143,		0,		112,		0,		0.00,		0,		inf,		-inf,		0,		0,		-360.7,		-276.6,		-306.8,		0.333,		inf,		-inf,		0,		0,		0.07083,		0.2074,		23152,		0,		0,		0,		3182,		0,		0,		0,		8,		0,		0,		0,		553,		4,		0.3748,		
6.002130,		1.000130,		0,		77,		0,		0.00,		0,		inf,		-inf,		0,		0,		-682.5,		-296,		-365.4,		5.781,		inf,		-inf,		0,		0,		0.08287,		0.234,		23152,		0,		0,		0,		3182,		0,		0,		0,		8,		0,		0,		0,		621,		4,		0.2499,		
7.002608,		1.000209,		0,		126,		0,		0.00,		0,		inf,		-inf,		0,		0,		-692.1,		-598.4,		-647.2,		0.5023,		inf,		-inf,		0,		0,		0.09201,		0.2857,		23152,		0,		0,		0,		3182,		0,		0,		0,		8,		0,		0,		0,		723,		4,		0.3748,		
8.003115,		1.000224,		0,		117,		0,		0.00,		0,		inf,		-inf,		0,		0,		-709.7,		-631.7,		-670,		0.4152,		inf,		-inf,		0,		0,		0.1069,		0.3296,		23152,		0,		0,		0,		3182,		0,		0,		0,		8,		0,		0,		0,		809,		4,		0.3123,		
9.003502,		1.000106,		0,		116,		0,		0.00,		0,		inf,		-inf,		0,		0,		-676.1,		-594.1,		-636.4,		0.396,		inf,		-inf,		0,		0,		0.1157,		0.384,		23152,		0,		0,		0,		3182,		0,		0,		0,		8,		0,		0,		0,		923,		5,		0.4373,		
10.003976,		1.000149,		0,		126,		0,		0.00,		0,		inf,		-inf,		0,		0,		-674.2,		-605,		-632.5,		0.1687,		inf,		-inf,		0,		0,		0.1252,		0.4335,		23152,		0,		0,		0,		3183,		0,		0,		0,		8,		0,		0,		0,		1036,		5,		0.3748,		
11.004332,		1.000093,		0,		109,		0,		0.00,		0,		inf,		-inf,		0,		0,		-632,		-574.3,		-605.8,		0.1983,		inf,		-inf,		0,		0,		0.1312,		0.4859,		23152,		0,		0,		0,		3190,		0,		0,		0,		8,		0,		0,		0,		1185,		5,		0.3749,		
12.004710,		1.000119,		0,		130,		0,		0.00,		0,		inf,		-inf,		0,		0,		-727,		-612.4,		-677.4,		0.9183,		inf,		-inf,		0,		0,		0.1368,		0.5474,		23152,		0,		0,		0,		3200,		0,		0,		0,		8,		0,		0,		0,		1369,		6,		0.3749,		
13.005213,		1.000301,		0,		123,		0,		0.00,		0,		inf,		-inf,		0,		0,		-622.7,		-534.5,		-583.9,		0.3499,		inf,		-inf,		0,		0,		0.1435,		0.597,		23152,		0,		0,		0,		3201,		0,		0,		0,		8,		0,		0,		0,		1484,		6,		0.3748,		
14.005431,		1.000131,		0,		113,		0,		0.00,		0,		inf,		-inf,		0,		0,		-638.9,		-491.7,		-562.1,		1.944,		inf,		-inf,		0,		0,		0.163,		0.6379,		23152,		0,		0,		0,		3204,		0,		0,		0,		8,		0,		0,		0,		1645,		7,		0.3749,		
15.005844,		1.000148,		0,		119,		0,		0.00,		0,		inf,		-inf,		0,		0,		-653.8,		-552.9,		-590.3,		0.6513,		inf,		-inf,		0,		0,		0.1794,		0.6845,		23152,		0,		0,		0,		3204,		0,		0,		0,		8,		0,		0,		0,		1789,		7,		0.3748,		
16.006266,		1.000147,		0,		123,		0,		0.00,		0,		inf,		-inf,		0,		0,		-633.8,		-571.7,		-602.3,		0.198,		inf,		-inf,		0,		0,		0.2004,		0.7205,		23152,		0,		0,		0,		3204,		0,		0,		0,		16,		0,		0,		0,		1915,		7,		0.4373,		
17.006643,		1.000124,		0,		113,		0,		0.00,		0,		inf,		-inf,		0,		0,		-652,		-577.5,		-615.4,		0.2332,		inf,		-inf,		0,		0,		0.213,		0.7648,		23152,		0,		0,		0,		3205,		0,		0,		0,		16,		0,		0,		0,		2046,		8,		0.3124,		
18.007189,		1.000292,		0,		96,		0,		0.00,		0,		inf,		-inf,		0,		0,		-841.8,		-710,		-768.6,		2.1,		inf,		-inf,		0,		0,		0.213,		0.8172,		23152,		0,		0,		0,		3205,		0,		0,		0,		16,		0,		0,		0,		2159,		8,		0.3123,		
19.007698,		1.000231,		0,		110,		0,		0.00,		0,		inf,		-inf,		0,		0,		-908.9,		-803.3,		-842.9,		0.6049,		inf,		-inf,		0,		0,		0.2165,		0.8658,		23152,		0,		0,		0,		3205,		0,		0,		0,		16,		0,		0,		0,		2262,		8,		0.3123,		
20.008158,		1.000154,		0,		111,		0,		0.00,		0,		inf,		-inf,		0,		0,		-1009,		-912,		-964.9,		0.952,		inf,		-inf,		0,		0,		0.227,		0.9079,		23152,		0,		0,		0,		3205,		0,		0,		0,		16,		0,		0,		0,		2360,		9,		0.3124,		
21.008556,		1.000137,		0,		114,		0,		0.00,		0,		inf,		-inf,		0,		0,		-1055,		-964.5,		-997.1,		0.399,		inf,		-inf,		0,		0,		0.2304,		0.9553,		23152,		0,		0,		0,		3205,		0,		0,		0,		16,		0,		0,		0,		2460,		9,		0.3749,		
22.008991,		1.000164,		0,		110,		0,		0.00,		0,		inf,		-inf,		0,		0,		-1105,		-976.9,		-1048,		1.704,		inf,		-inf,		0,		0,		0.2421,		0.9975,		23152,		0,		0,		0,		3205,		0,		0,		0,		16,		0,		0,		0,		2551,		9,		0.3124,		
23.009378,		1.000102,		0,		102,		0,		0.00,		0,		inf,		-inf,		0,		0,		-1258,		-1069,		-1155,		4.538,		inf,		-inf,		0,		0,		0.2421,		1.048,		23152,		0,		0,		0,		3205,		0,		0,		0,		16,		0,		0,		0,		2643,		9,		0.3124,		
24.009781,		1.000113,		0,		131,		0,		0.00,		0,		inf,		-inf,		0,		0,		-1271,		-1123,		-1198,		1.818,		inf,		-inf,		0,		0,		0.2446,		1.101,		23152,		0,		0,		0,		3205,		0,		0,		0,		16,		0,		0,		0,		2750,		11,		0.3749,		
25.010328,		1.000260,		0,		118,		0,		0.00,		0,		inf,		-inf,		0,		0,		-1171,		-1071,		-1129,		0.6815,		inf,		-inf,		0,		0,		0.2563,		1.151,		23152,		0,		0,		0,		3206,		0,		0,		0,		16,		0,		0,		0,		2875,		13,		0.3748,		
26.010834,		1.000226,		0,		113,		0,		0.00,		0,		inf,		-inf,		0,		0,		-1210,		-1124,		-1172,		0.5638,		inf,		-inf,		0,		0,		0.2563,		1.209,		23152,		0,		0,		0,		3206,		0,		0,		0,		16,		0,		0,		0,		2978,		14,		0.3123,		
27.011398,		1.000293,		0,		100,		0,		0.00,		0,		inf,		-inf,		0,		0,		-1367,		-1178,		-1301,		3.719,		inf,		-inf,		0,		0,		0.2654,		1.249,		23152,		0,		0,		0,		3206,		0,		0,		0,		16,		0,		0,		0,		3067,		15,		0.3123,		
28.011957,		1.000285,		0,		116,		0,		0.00,		0,		inf,		-inf,		0,		0,		-1404,		-1280,		-1338,		1.288,		inf,		-inf,		0,		0,		0.2907,		1.281,		23152,		0,		0,		0,		3206,		0,		0,		0,		16,		0,		0,		0,		3168,		16,		0.4373,		
29.012360,		1.000138,		0,		121,		0,		0.00,		0,		inf,		-inf,		0,		0,		-1413,		-1331,		-1372,		0.2419,		inf,		-inf,		0,		0,		0.2974,		1.316,		23152,		0,		0,		0,		3206,		0,		0,		0,		16,		0,		0,		0,		3266,		16,		0.1874,		
30.012705,		1.000098,		0,		113,		0,		0.00,		0,		inf,		-inf,		0,		0,		-1402,		-1284,		-1336,		1.025,		inf,		-inf,		0,		0,		0.3032,		1.367,		23152,		0,		0,		0,		3206,		0,		0,		0,		16,		0,		0,		0,		3358,		17,		0.3749,		
Maximum runtime reached. Exiting.
