Experiment id: bb6b874e-cd6e-403f-ad5d-993bd0c3009b
Performance Test Version: 57791ae
Logfile name: 
Communication mean: ROS2
RMW Implementation: rmw_cyclonedds_cpp
DDS domain id: 0
QOS: Reliability: RELIABLE Durability: VOLATILE History kind: KEEP_LAST History depth: 10 Sync. pub/sub: 0
Publishing rate: 80
Topic name: Array60k
Maximum runtime (sec): 30
Number of publishers: 1
Number of subscribers: 0
Memory check enabled: 0
Use single participant: 0
With security: 0
Roundtrip Mode: NONE
Ignore seconds from beginning: 1

---EXPERIMENT-START---
T_experiment,	T_loop,	received,	sent,	lost,	relative_loss,	data_received,	latency_min (ms),	latency_max (ms),	latency_mean (ms),	latency_variance (ms),	pub_loop_res_min (ms),	pub_loop_res_max (ms),	pub_loop_res_mean (ms),	pub_loop_res_variance (ms),	sub_loop_res_min (ms),	sub_loop_res_max (ms),	sub_loop_res_mean (ms),	sub_loop_res_variance (ms),	ru_utime,	ru_stime,	ru_maxrss,	ru_ixrss,	ru_idrss,	ru_isrss,	ru_minflt,	ru_majflt,	ru_nswap,	ru_inblock,	ru_oublock,	ru_msgsnd,	ru_msgrcv,	ru_nsignals,	ru_nvcsw,	ru_nivcsw,	cpu_usage (%),	
2.000515,		1.000127,		0,		80,		0,		0.00,		0,		inf,		-inf,		0,		0,		-21.65,		11.98,		10.67,		0.02623,		inf,		-inf,		0,		0,		0.02945,		0.07152,		23312,		0,		0,		0,		3185,		0,		0,		0,		8,		0,		0,		0,		281,		1,		0.2499,		
3.000963,		1.000135,		0,		79,		0,		0.00,		0,		inf,		-inf,		0,		0,		-29.41,		12.24,		9.608,		0.04628,		inf,		-inf,		0,		0,		0.0351,		0.1053,		23312,		0,		0,		0,		3186,		0,		0,		0,		8,		0,		0,		0,		379,		1,		0.2499,		
4.001450,		1.000230,		0,		79,		0,		0.00,		0,		inf,		-inf,		0,		0,		-25.77,		12.24,		9.792,		0.04183,		inf,		-inf,		0,		0,		0.04478,		0.1343,		23312,		0,		0,		0,		3186,		0,		0,		0,		8,		0,		0,		0,		479,		1,		0.2499,		
5.001873,		1.000149,		0,		79,		0,		0.00,		0,		inf,		-inf,		0,		0,		-19.8,		12.23,		10.47,		0.02783,		inf,		-inf,		0,		0,		0.06789,		0.1558,		23312,		0,		0,		0,		3186,		0,		0,		0,		8,		0,		0,		0,		584,		1,		0.2499,		
6.002278,		1.000115,		0,		79,		0,		0.00,		0,		inf,		-inf,		0,		0,		-1.388,		12,		11.21,		0.005277,		inf,		-inf,		0,		0,		0.08163,		0.1878,		23312,		0,		0,		0,		3186,		0,		0,		0,		8,		0,		0,		0,		691,		1,		0.3124,		
7.002652,		1.000142,		0,		79,		0,		0.00,		0,		inf,		-inf,		0,		0,		11.56,		12.32,		11.88,		2.47e-05,		inf,		-inf,		0,		0,		0.08951,		0.2197,		23312,		0,		0,		0,		3186,		0,		0,		0,		8,		0,		0,		0,		792,		1,		0.1874,		
8.002983,		1.000087,		0,		64,		0,		0.00,		0,		inf,		-inf,		0,		0,		-182.2,		12.23,		-39.92,		4.283,		inf,		-inf,		0,		0,		0.09193,		0.2478,		23312,		0,		0,		0,		3186,		0,		0,		0,		8,		0,		0,		0,		880,		2,		0.2499,		
9.003259,		1.000146,		0,		94,		0,		0.00,		0,		inf,		-inf,		0,		0,		-206.6,		11.99,		-60.41,		6.515,		inf,		-inf,		0,		0,		0.1128,		0.2716,		23312,		0,		0,		0,		3186,		0,		0,		0,		8,		0,		0,		0,		983,		4,		0.3124,		
10.003712,		1.000185,		0,		79,		0,		0.00,		0,		inf,		-inf,		0,		0,		-14.28,		12.36,		10.25,		0.02704,		inf,		-inf,		0,		0,		0.1215,		0.3017,		23312,		0,		0,		0,		3186,		0,		0,		0,		8,		0,		0,		0,		1074,		4,		0.2499,		
11.004230,		1.000262,		0,		79,		0,		0.00,		0,		inf,		-inf,		0,		0,		-34.23,		12.31,		8.828,		0.08335,		inf,		-inf,		0,		0,		0.1287,		0.3346,		23312,		0,		0,		0,		3186,		0,		0,		0,		8,		0,		0,		0,		1164,		4,		0.1874,		
12.004755,		1.000261,		0,		79,		0,		0.00,		0,		inf,		-inf,		0,		0,		-4.202,		12.23,		11.17,		0.007568,		inf,		-inf,		0,		0,		0.1326,		0.3722,		23312,		0,		0,		0,		3186,		0,		0,		0,		8,		0,		0,		0,		1258,		4,		0.3123,		
13.005323,		1.000281,		0,		79,		0,		0.00,		0,		inf,		-inf,		0,		0,		-22.51,		12.32,		9.514,		0.03669,		inf,		-inf,		0,		0,		0.1402,		0.4078,		23312,		0,		0,		0,		3186,		0,		0,		0,		8,		0,		0,		0,		1366,		4,		0.2499,		
14.005818,		1.000219,		0,		79,		0,		0.00,		0,		inf,		-inf,		0,		0,		-13.01,		12.2,		10.41,		0.02148,		inf,		-inf,		0,		0,		0.1434,		0.4469,		23312,		0,		0,		0,		3186,		0,		0,		0,		8,		0,		0,		0,		1466,		4,		0.2499,		
15.006255,		1.000131,		0,		79,		0,		0.00,		0,		inf,		-inf,		0,		0,		-9.893,		12.3,		10.64,		0.01756,		inf,		-inf,		0,		0,		0.1577,		0.4732,		23312,		0,		0,		0,		3186,		0,		0,		0,		8,		0,		0,		0,		1567,		4,		0.2499,		
16.006996,		1.000450,		0,		79,		0,		0.00,		0,		inf,		-inf,		0,		0,		-5.812,		12.25,		11.43,		0.004858,		inf,		-inf,		0,		0,		0.1697,		0.5048,		23312,		0,		0,		0,		3186,		0,		0,		0,		16,		0,		0,		0,		1669,		4,		0.2498,		
17.007442,		1.000170,		0,		79,		0,		0.00,		0,		inf,		-inf,		0,		0,		11.54,		11.96,		11.81,		1.017e-05,		inf,		-inf,		0,		0,		0.1988,		0.5219,		23312,		0,		0,		0,		3187,		0,		0,		0,		16,		0,		0,		0,		1780,		5,		0.3124,		
18.008104,		1.000397,		0,		79,		0,		0.00,		0,		inf,		-inf,		0,		0,		-16.34,		12.29,		10.52,		0.02329,		inf,		-inf,		0,		0,		0.2059,		0.556,		23312,		0,		0,		0,		3187,		0,		0,		0,		16,		0,		0,		0,		1883,		5,		0.2498,		
19.008665,		1.000423,		0,		79,		0,		0.00,		0,		inf,		-inf,		0,		0,		11.49,		12.26,		11.8,		1.94e-05,		inf,		-inf,		0,		0,		0.219,		0.5867,		23312,		0,		0,		0,		3187,		0,		0,		0,		16,		0,		0,		0,		1984,		5,		0.2499,		
20.008921,		1.000131,		0,		79,		0,		0.00,		0,		inf,		-inf,		0,		0,		11.53,		12.27,		11.81,		1.462e-05,		inf,		-inf,		0,		0,		0.2277,		0.6211,		23312,		0,		0,		0,		3187,		0,		0,		0,		16,		0,		0,		0,		2085,		6,		0.3124,		
21.009409,		1.000222,		0,		79,		0,		0.00,		0,		inf,		-inf,		0,		0,		11.49,		12.3,		11.84,		2.135e-05,		inf,		-inf,		0,		0,		0.2412,		0.6489,		23312,		0,		0,		0,		3187,		0,		0,		0,		16,		0,		0,		0,		2188,		7,		0.2499,		
22.009819,		1.000136,		0,		79,		0,		0.00,		0,		inf,		-inf,		0,		0,		11.54,		12.24,		11.8,		1.998e-05,		inf,		-inf,		0,		0,		0.2457,		0.6871,		23312,		0,		0,		0,		3187,		0,		0,		0,		16,		0,		0,		0,		2289,		8,		0.2499,		
23.010248,		1.000138,		0,		79,		0,		0.00,		0,		inf,		-inf,		0,		0,		-16.53,		12,		10.56,		0.02277,		inf,		-inf,		0,		0,		0.263,		0.7139,		23312,		0,		0,		0,		3187,		0,		0,		0,		16,		0,		0,		0,		2381,		10,		0.3124,		
24.010654,		1.000141,		0,		79,		0,		0.00,		0,		inf,		-inf,		0,		0,		0.1529,		11.99,		11.63,		0.00168,		inf,		-inf,		0,		0,		0.284,		0.7392,		23312,		0,		0,		0,		3189,		0,		0,		0,		16,		0,		0,		0,		2479,		10,		0.2499,		
25.011097,		1.000176,		0,		79,		0,		0.00,		0,		inf,		-inf,		0,		0,		-57.27,		11.97,		1.166,		0.291,		inf,		-inf,		0,		0,		0.3005,		0.766,		23312,		0,		0,		0,		3189,		0,		0,		0,		16,		0,		0,		0,		2584,		10,		0.3124,		
26.011713,		1.000347,		0,		74,		0,		0.00,		0,		inf,		-inf,		0,		0,		-32.22,		12.28,		7.218,		0.1131,		inf,		-inf,		0,		0,		0.3009,		0.8011,		23312,		0,		0,		0,		3189,		0,		0,		0,		16,		0,		0,		0,		2670,		10,		0.2498,		
27.012127,		1.000142,		0,		84,		0,		0.00,		0,		inf,		-inf,		0,		0,		-84.81,		12.3,		-2.648,		0.7058,		inf,		-inf,		0,		0,		0.3085,		0.8368,		23312,		0,		0,		0,		3189,		0,		0,		0,		16,		0,		0,		0,		2775,		11,		0.1874,		
28.012575,		1.000169,		0,		79,		0,		0.00,		0,		inf,		-inf,		0,		0,		-11.93,		12.34,		11.05,		0.01244,		inf,		-inf,		0,		0,		0.3221,		0.8688,		23312,		0,		0,		0,		3189,		0,		0,		0,		16,		0,		0,		0,		2902,		11,		0.3124,		
29.012802,		1.000090,		0,		80,		0,		0.00,		0,		inf,		-inf,		0,		0,		11.55,		12.25,		11.78,		1.734e-05,		inf,		-inf,		0,		0,		0.3338,		0.9,		23312,		0,		0,		0,		3189,		0,		0,		0,		16,		0,		0,		0,		2993,		13,		0.2499,		
30.013338,		1.000254,		0,		79,		0,		0.00,		0,		inf,		-inf,		0,		0,		-0.8078,		12.33,		11.27,		0.004843,		inf,		-inf,		0,		0,		0.3408,		0.9383,		23312,		0,		0,		0,		3189,		0,		0,		0,		16,		0,		0,		0,		3089,		13,		0.3123,		
Maximum runtime reached. Exiting.
