Experiment id: 25c86811-2bb8-49b5-b7d2-79f4babd6b00
Performance Test Version: 57791ae
Logfile name: 
Communication mean: ROS2
RMW Implementation: rmw_cyclonedds_cpp
DDS domain id: 0
QOS: Reliability: RELIABLE Durability: VOLATILE History kind: KEEP_LAST History depth: 10 Sync. pub/sub: 0
Publishing rate: 100
Topic name: Array60k
Maximum runtime (sec): 30
Number of publishers: 1
Number of subscribers: 0
Memory check enabled: 0
Use single participant: 0
With security: 0
Roundtrip Mode: NONE
Ignore seconds from beginning: 1

---EXPERIMENT-START---
T_experiment,	T_loop,	received,	sent,	lost,	relative_loss,	data_received,	latency_min (ms),	latency_max (ms),	latency_mean (ms),	latency_variance (ms),	pub_loop_res_min (ms),	pub_loop_res_max (ms),	pub_loop_res_mean (ms),	pub_loop_res_variance (ms),	sub_loop_res_min (ms),	sub_loop_res_max (ms),	sub_loop_res_mean (ms),	sub_loop_res_variance (ms),	ru_utime,	ru_stime,	ru_maxrss,	ru_ixrss,	ru_idrss,	ru_isrss,	ru_minflt,	ru_majflt,	ru_nswap,	ru_inblock,	ru_oublock,	ru_msgsnd,	ru_msgrcv,	ru_nsignals,	ru_nvcsw,	ru_nivcsw,	cpu_usage (%),	
2.000360,		1.000085,		0,		100,		0,		0.00,		0,		inf,		-inf,		0,		0,		-89.55,		9.445,		-30.08,		0.9307,		inf,		-inf,		0,		0,		0.01924,		0.0898,		23292,		0,		0,		0,		3182,		0,		0,		0,		8,		0,		0,		0,		326,		0,		0.2499,		
3.000770,		1.000103,		0,		98,		0,		0.00,		0,		inf,		-inf,		0,		0,		-26.84,		9.772,		6.471,		0.0504,		inf,		-inf,		0,		0,		0.02899,		0.1305,		23292,		0,		0,		0,		3183,		0,		0,		0,		8,		0,		0,		0,		444,		0,		0.3749,		
4.001041,		1.000148,		0,		100,		0,		0.00,		0,		inf,		-inf,		0,		0,		-7.988,		9.822,		8.344,		0.009176,		inf,		-inf,		0,		0,		0.03872,		0.1743,		23292,		0,		0,		0,		3183,		0,		0,		0,		8,		0,		0,		0,		573,		0,		0.3124,		
5.001599,		1.000280,		0,		88,		0,		0.00,		0,		inf,		-inf,		0,		0,		-157.9,		9.629,		-65.48,		4.1,		inf,		-inf,		0,		0,		0.04205,		0.2103,		23292,		0,		0,		0,		3183,		0,		0,		0,		8,		0,		0,		0,		663,		0,		0.3123,		
6.001904,		1.000144,		0,		100,		0,		0.00,		0,		inf,		-inf,		0,		0,		-150.2,		9.599,		-72.26,		1.726,		inf,		-inf,		0,		0,		0.05652,		0.2449,		23292,		0,		0,		0,		3183,		0,		0,		0,		8,		0,		0,		0,		749,		0,		0.2499,		
7.002301,		1.000149,		0,		106,		0,		0.00,		0,		inf,		-inf,		0,		0,		-242.5,		-25.03,		-120.5,		3.482,		inf,		-inf,		0,		0,		0.06278,		0.293,		23292,		0,		0,		0,		3183,		0,		0,		0,		8,		0,		0,		0,		844,		0,		0.3749,		
8.002909,		1.000338,		0,		100,		0,		0.00,		0,		inf,		-inf,		0,		0,		-47.96,		9.781,		-0.1247,		0.2428,		inf,		-inf,		0,		0,		0.06656,		0.3402,		23292,		0,		0,		0,		3183,		0,		0,		0,		8,		0,		0,		0,		959,		0,		0.3123,		
9.003381,		1.000201,		0,		101,		0,		0.00,		0,		inf,		-inf,		0,		0,		-95.09,		9.808,		-7.744,		0.6627,		inf,		-inf,		0,		0,		0.09525,		0.3664,		23292,		0,		0,		0,		3183,		0,		0,		0,		8,		0,		0,		0,		1084,		0,		0.3124,		
10.003787,		1.000112,		0,		99,		0,		0.00,		0,		inf,		-inf,		0,		0,		-39.03,		9.8,		-3.134,		0.1839,		inf,		-inf,		0,		0,		0.09774,		0.4135,		23292,		0,		0,		0,		3183,		0,		0,		0,		8,		0,		0,		0,		1191,		0,		0.3124,		
11.004316,		1.000225,		0,		99,		0,		0.00,		0,		inf,		-inf,		0,		0,		-48.44,		9.779,		-1.433,		0.2029,		inf,		-inf,		0,		0,		0.1078,		0.4542,		23292,		0,		0,		0,		3183,		0,		0,		0,		8,		0,		0,		0,		1308,		0,		0.3123,		
12.004749,		1.000285,		0,		97,		0,		0.00,		0,		inf,		-inf,		0,		0,		-14.46,		9.817,		6.296,		0.03039,		inf,		-inf,		0,		0,		0.1249,		0.4914,		23292,		0,		0,		0,		3183,		0,		0,		0,		8,		0,		0,		0,		1437,		0,		0.3748,		
13.005156,		1.000140,		0,		94,		0,		0.00,		0,		inf,		-inf,		0,		0,		-103.1,		9.377,		-49.72,		1.041,		inf,		-inf,		0,		0,		0.1249,		0.5393,		23292,		0,		0,		0,		3183,		0,		0,		0,		8,		0,		0,		0,		1514,		0,		0.2499,		
14.005551,		1.000088,		0,		105,		0,		0.00,		0,		inf,		-inf,		0,		0,		-72.45,		-0.05834,		-38.21,		0.2532,		inf,		-inf,		0,		0,		0.1403,		0.5747,		23292,		0,		0,		0,		3183,		0,		0,		0,		8,		0,		0,		0,		1594,		0,		0.3749,		
15.006074,		1.000222,		0,		100,		0,		0.00,		0,		inf,		-inf,		0,		0,		-56.28,		9.46,		-7.914,		0.3738,		inf,		-inf,		0,		0,		0.1561,		0.6106,		23292,		0,		0,		0,		3183,		0,		0,		0,		8,		0,		0,		0,		1700,		1,		0.3123,		
16.006611,		1.000229,		0,		99,		0,		0.00,		0,		inf,		-inf,		0,		0,		-39.86,		9.743,		-4.09,		0.1933,		inf,		-inf,		0,		0,		0.1625,		0.6566,		23292,		0,		0,		0,		3183,		0,		0,		0,		16,		0,		0,		0,		1811,		1,		0.3123,		
17.007137,		1.000239,		0,		99,		0,		0.00,		0,		inf,		-inf,		0,		0,		-8.365,		9.608,		7.707,		0.01573,		inf,		-inf,		0,		0,		0.1742,		0.704,		23292,		0,		0,		0,		3185,		0,		0,		0,		16,		0,		0,		0,		1964,		1,		0.3748,		
18.007622,		1.000218,		0,		97,		0,		0.00,		0,		inf,		-inf,		0,		0,		-43.32,		9.74,		-6.914,		0.2967,		inf,		-inf,		0,		0,		0.1867,		0.7395,		23292,		0,		0,		0,		3185,		0,		0,		0,		16,		0,		0,		0,		2062,		1,		0.2499,		
19.008129,		1.000227,		0,		101,		0,		0.00,		0,		inf,		-inf,		0,		0,		-40.89,		9.778,		2.812,		0.1326,		inf,		-inf,		0,		0,		0.1957,		0.7827,		23292,		0,		0,		0,		3185,		0,		0,		0,		16,		0,		0,		0,		2185,		1,		0.3748,		
20.008530,		1.000127,		0,		99,		0,		0.00,		0,		inf,		-inf,		0,		0,		-20.6,		9.62,		5.166,		0.06211,		inf,		-inf,		0,		0,		0.2107,		0.8195,		23292,		0,		0,		0,		3185,		0,		0,		0,		16,		0,		0,		0,		2303,		1,		0.3124,		
21.008945,		1.000156,		0,		99,		0,		0.00,		0,		inf,		-inf,		0,		0,		-17.02,		9.819,		7.691,		0.02323,		inf,		-inf,		0,		0,		0.2205,		0.8575,		23292,		0,		0,		0,		3185,		0,		0,		0,		16,		0,		0,		0,		2424,		1,		0.3124,		
22.009352,		1.000147,		0,		99,		0,		0.00,		0,		inf,		-inf,		0,		0,		-11.34,		9.789,		7.522,		0.02122,		inf,		-inf,		0,		0,		0.2301,		0.9035,		23292,		0,		0,		0,		3187,		0,		0,		0,		16,		0,		0,		0,		2555,		1,		0.3748,		
23.009773,		1.000118,		0,		99,		0,		0.00,		0,		inf,		-inf,		0,		0,		-0.8874,		9.819,		9.013,		0.002037,		inf,		-inf,		0,		0,		0.2378,		0.9514,		23292,		0,		0,		0,		3187,		0,		0,		0,		16,		0,		0,		0,		2689,		1,		0.3124,		
24.010201,		1.000138,		0,		99,		0,		0.00,		0,		inf,		-inf,		0,		0,		-25.74,		9.856,		5.256,		0.06597,		inf,		-inf,		0,		0,		0.2524,		0.9918,		23292,		0,		0,		0,		3187,		0,		0,		0,		16,		0,		0,		0,		2808,		2,		0.3748,		
25.010693,		1.000207,		0,		99,		0,		0.00,		0,		inf,		-inf,		0,		0,		-78.71,		9.731,		-13.17,		0.6709,		inf,		-inf,		0,		0,		0.281,		1.018,		23292,		0,		0,		0,		3187,		0,		0,		0,		16,		0,		0,		0,		2937,		2,		0.3124,		
26.011112,		1.000144,		0,		100,		0,		0.00,		0,		inf,		-inf,		0,		0,		-81.87,		9.688,		-23.37,		0.8579,		inf,		-inf,		0,		0,		0.281,		1.07,		23292,		0,		0,		0,		3187,		0,		0,		0,		16,		0,		0,		0,		3035,		2,		0.3748,		
27.011597,		1.000222,		0,		99,		0,		0.00,		0,		inf,		-inf,		0,		0,		-34.42,		9.59,		3.921,		0.1096,		inf,		-inf,		0,		0,		0.2915,		1.113,		23292,		0,		0,		0,		3187,		0,		0,		0,		16,		0,		0,		0,		3151,		2,		0.3124,		
28.012125,		1.000245,		0,		99,		0,		0.00,		0,		inf,		-inf,		0,		0,		-38.01,		9.794,		-1.4,		0.1817,		inf,		-inf,		0,		0,		0.3043,		1.155,		23292,		0,		0,		0,		3189,		0,		0,		0,		16,		0,		0,		0,		3273,		2,		0.3123,		
29.012671,		1.000272,		0,		99,		0,		0.00,		0,		inf,		-inf,		0,		0,		-61.28,		9.517,		-11.65,		0.4372,		inf,		-inf,		0,		0,		0.3208,		1.194,		23292,		0,		0,		0,		3194,		0,		0,		0,		16,		0,		0,		0,		3410,		2,		0.3748,		
30.013033,		1.000093,		0,		99,		0,		0.00,		0,		inf,		-inf,		0,		0,		-31.32,		9.809,		3.055,		0.1071,		inf,		-inf,		0,		0,		0.3438,		1.231,		23292,		0,		0,		0,		3199,		0,		0,		0,		16,		0,		0,		0,		3566,		3,		0.3749,		
Maximum runtime reached. Exiting.
