Experiment id: 8624afc2-4e27-4fc5-ae26-5090062e6f93
Performance Test Version: 57791ae
Logfile name: 
Communication mean: ROS2
RMW Implementation: rmw_cyclonedds_cpp
DDS domain id: 0
QOS: Reliability: RELIABLE Durability: VOLATILE History kind: KEEP_LAST History depth: 10 Sync. pub/sub: 0
Publishing rate: 80
Topic name: Array60k
Maximum runtime (sec): 30
Number of publishers: 1
Number of subscribers: 0
Memory check enabled: 0
Use single participant: 0
With security: 0
Roundtrip Mode: NONE
Ignore seconds from beginning: 1

---EXPERIMENT-START---
T_experiment,	T_loop,	received,	sent,	lost,	relative_loss,	data_received,	latency_min (ms),	latency_max (ms),	latency_mean (ms),	latency_variance (ms),	pub_loop_res_min (ms),	pub_loop_res_max (ms),	pub_loop_res_mean (ms),	pub_loop_res_variance (ms),	sub_loop_res_min (ms),	sub_loop_res_max (ms),	sub_loop_res_mean (ms),	sub_loop_res_variance (ms),	ru_utime,	ru_stime,	ru_maxrss,	ru_ixrss,	ru_idrss,	ru_isrss,	ru_minflt,	ru_majflt,	ru_nswap,	ru_inblock,	ru_oublock,	ru_msgsnd,	ru_msgrcv,	ru_nsignals,	ru_nvcsw,	ru_nivcsw,	cpu_usage (%),	
2.000434,		1.000147,		0,		80,		0,		0.00,		0,		inf,		-inf,		0,		0,		3.148,		12.01,		11.67,		0.0009323,		inf,		-inf,		0,		0,		0.0391,		0.06354,		23484,		0,		0,		0,		3189,		0,		0,		0,		8,		0,		0,		0,		299,		2,		0.2499,		
3.000796,		1.000091,		0,		79,		0,		0.00,		0,		inf,		-inf,		0,		0,		11.47,		12.16,		11.78,		1.411e-05,		inf,		-inf,		0,		0,		0.05634,		0.09101,		23484,		0,		0,		0,		3189,		0,		0,		0,		8,		0,		0,		0,		394,		2,		0.3124,		
4.001180,		1.000131,		0,		79,		0,		0.00,		0,		inf,		-inf,		0,		0,		11.52,		12.32,		11.84,		1.591e-05,		inf,		-inf,		0,		0,		0.08008,		0.1096,		23484,		0,		0,		0,		3189,		0,		0,		0,		8,		0,		0,		0,		488,		4,		0.2499,		
5.001599,		1.000141,		0,		79,		0,		0.00,		0,		inf,		-inf,		0,		0,		1.344,		12.29,		11.61,		0.00195,		inf,		-inf,		0,		0,		0.1129,		0.1171,		23484,		0,		0,		0,		3189,		0,		0,		0,		8,		0,		0,		0,		583,		5,		0.2499,		
6.001999,		1.000135,		0,		79,		0,		0.00,		0,		inf,		-inf,		0,		0,		11.51,		12.29,		11.81,		1.367e-05,		inf,		-inf,		0,		0,		0.1324,		0.1407,		23484,		0,		0,		0,		3189,		0,		0,		0,		8,		0,		0,		0,		682,		5,		0.3124,		
7.002513,		1.000260,		0,		79,		0,		0.00,		0,		inf,		-inf,		0,		0,		11.52,		12.26,		11.84,		2.472e-05,		inf,		-inf,		0,		0,		0.1492,		0.1653,		23484,		0,		0,		0,		3189,		0,		0,		0,		8,		0,		0,		0,		782,		5,		0.1874,		
8.003009,		1.000192,		0,		79,		0,		0.00,		0,		inf,		-inf,		0,		0,		-15.19,		12.33,		10.4,		0.02232,		inf,		-inf,		0,		0,		0.1506,		0.2061,		23484,		0,		0,		0,		3189,		0,		0,		0,		8,		0,		0,		0,		885,		5,		0.3123,		
9.003407,		1.000137,		0,		79,		0,		0.00,		0,		inf,		-inf,		0,		0,		-2.254,		12.24,		11.54,		0.003155,		inf,		-inf,		0,		0,		0.1623,		0.2396,		23484,		0,		0,		0,		3189,		0,		0,		0,		8,		0,		0,		0,		996,		6,		0.2499,		
10.003861,		1.000189,		0,		79,		0,		0.00,		0,		inf,		-inf,		0,		0,		11.61,		12.19,		11.8,		9.415e-06,		inf,		-inf,		0,		0,		0.1886,		0.2602,		23484,		0,		0,		0,		3189,		0,		0,		0,		8,		0,		0,		0,		1096,		6,		0.3124,		
11.004394,		1.000253,		0,		79,		0,		0.00,		0,		inf,		-inf,		0,		0,		11.59,		12.27,		11.79,		1.339e-05,		inf,		-inf,		0,		0,		0.2022,		0.2921,		23484,		0,		0,		0,		3189,		0,		0,		0,		8,		0,		0,		0,		1197,		6,		0.3123,		
12.004929,		1.000258,		0,		79,		0,		0.00,		0,		inf,		-inf,		0,		0,		11.55,		12.33,		11.84,		2.274e-05,		inf,		-inf,		0,		0,		0.2062,		0.3299,		23484,		0,		0,		0,		3189,		0,		0,		0,		8,		0,		0,		0,		1297,		6,		0.1874,		
13.005336,		1.000112,		0,		79,		0,		0.00,		0,		inf,		-inf,		0,		0,		11.5,		12.31,		11.87,		4.645e-05,		inf,		-inf,		0,		0,		0.2062,		0.3676,		23484,		0,		0,		0,		3189,		0,		0,		0,		8,		0,		0,		0,		1397,		7,		0.2499,		
14.005851,		1.000385,		0,		79,		0,		0.00,		0,		inf,		-inf,		0,		0,		-14.92,		12.28,		9.915,		0.02948,		inf,		-inf,		0,		0,		0.2062,		0.4114,		23484,		0,		0,		0,		3189,		0,		0,		0,		8,		0,		0,		0,		1501,		7,		0.3123,		
15.006289,		1.000166,		0,		79,		0,		0.00,		0,		inf,		-inf,		0,		0,		11.53,		12.36,		11.85,		3.037e-05,		inf,		-inf,		0,		0,		0.2205,		0.4374,		23484,		0,		0,		0,		3189,		0,		0,		0,		8,		0,		0,		0,		1602,		7,		0.2499,		
16.006834,		1.000243,		0,		79,		0,		0.00,		0,		inf,		-inf,		0,		0,		3.602,		11.96,		11.58,		0.001613,		inf,		-inf,		0,		0,		0.2371,		0.467,		23484,		0,		0,		0,		3189,		0,		0,		0,		16,		0,		0,		0,		1705,		7,		0.2499,		
17.007206,		1.000096,		0,		79,		0,		0.00,		0,		inf,		-inf,		0,		0,		11.56,		12.01,		11.82,		9.6e-06,		inf,		-inf,		0,		0,		0.2497,		0.4995,		23484,		0,		0,		0,		3190,		0,		0,		0,		16,		0,		0,		0,		1816,		8,		0.2499,		
18.007605,		1.000093,		0,		79,		0,		0.00,		0,		inf,		-inf,		0,		0,		11.53,		12.28,		11.81,		1.998e-05,		inf,		-inf,		0,		0,		0.2721,		0.5198,		23484,		0,		0,		0,		3190,		0,		0,		0,		16,		0,		0,		0,		1916,		8,		0.3124,		
19.008032,		1.000114,		0,		79,		0,		0.00,		0,		inf,		-inf,		0,		0,		11.51,		12.15,		11.81,		1.306e-05,		inf,		-inf,		0,		0,		0.2985,		0.5372,		23484,		0,		0,		0,		3190,		0,		0,		0,		16,		0,		0,		0,		2018,		9,		0.2499,		
20.008757,		1.000406,		0,		79,		0,		0.00,		0,		inf,		-inf,		0,		0,		11.56,		12.22,		11.82,		1.862e-05,		inf,		-inf,		0,		0,		0.3148,		0.5632,		23484,		0,		0,		0,		3190,		0,		0,		0,		16,		0,		0,		0,		2119,		10,		0.3123,		
21.009306,		1.000252,		0,		79,		0,		0.00,		0,		inf,		-inf,		0,		0,		11.59,		12.2,		11.85,		1.867e-05,		inf,		-inf,		0,		0,		0.3349,		0.5835,		23484,		0,		0,		0,		3190,		0,		0,		0,		16,		0,		0,		0,		2222,		10,		0.2499,		
22.009876,		1.000281,		0,		79,		0,		0.00,		0,		inf,		-inf,		0,		0,		11.51,		12.27,		11.81,		1.497e-05,		inf,		-inf,		0,		0,		0.3506,		0.6118,		23484,		0,		0,		0,		3190,		0,		0,		0,		16,		0,		0,		0,		2324,		11,		0.3123,		
23.010298,		1.000143,		0,		79,		0,		0.00,		0,		inf,		-inf,		0,		0,		11.5,		12.22,		11.84,		1.502e-05,		inf,		-inf,		0,		0,		0.3596,		0.646,		23484,		0,		0,		0,		3190,		0,		0,		0,		16,		0,		0,		0,		2424,		11,		0.1874,		
24.010832,		1.000251,		0,		79,		0,		0.00,		0,		inf,		-inf,		0,		0,		11.47,		12.28,		11.83,		1.387e-05,		inf,		-inf,		0,		0,		0.3698,		0.6797,		23484,		0,		0,		0,		3190,		0,		0,		0,		16,		0,		0,		0,		2523,		11,		0.2499,		
25.011208,		1.000093,		0,		79,		0,		0.00,		0,		inf,		-inf,		0,		0,		-6.721,		11.96,		11.11,		0.008288,		inf,		-inf,		0,		0,		0.3742,		0.7237,		23484,		0,		0,		0,		3191,		0,		0,		0,		16,		0,		0,		0,		2640,		11,		0.3749,		
26.011629,		1.000142,		0,		79,		0,		0.00,		0,		inf,		-inf,		0,		0,		11.52,		12.35,		11.81,		3.138e-05,		inf,		-inf,		0,		0,		0.3742,		0.7665,		23484,		0,		0,		0,		3191,		0,		0,		0,		16,		0,		0,		0,		2739,		12,		0.2499,		
27.012058,		1.000161,		0,		79,		0,		0.00,		0,		inf,		-inf,		0,		0,		-1.989,		12.33,		11.43,		0.004514,		inf,		-inf,		0,		0,		0.3898,		0.7937,		23484,		0,		0,		0,		3191,		0,		0,		0,		16,		0,		0,		0,		2838,		12,		0.2499,		
28.012480,		1.000149,		0,		79,		0,		0.00,		0,		inf,		-inf,		0,		0,		11.5,		12.3,		11.79,		1.623e-05,		inf,		-inf,		0,		0,		0.4047,		0.8236,		23484,		0,		0,		0,		3191,		0,		0,		0,		16,		0,		0,		0,		2938,		12,		0.3124,		
29.012972,		1.000142,		0,		80,		0,		0.00,		0,		inf,		-inf,		0,		0,		11.52,		12.14,		11.82,		1.69e-05,		inf,		-inf,		0,		0,		0.4233,		0.8467,		23484,		0,		0,		0,		3191,		0,		0,		0,		16,		0,		0,		0,		3039,		12,		0.2499,		
30.013390,		1.000147,		0,		79,		0,		0.00,		0,		inf,		-inf,		0,		0,		-32.33,		12.27,		9.883,		0.0538,		inf,		-inf,		0,		0,		0.4418,		0.8727,		23484,		0,		0,		0,		3191,		0,		0,		0,		16,		0,		0,		0,		3142,		12,		0.3124,		
Maximum runtime reached. Exiting.
