Experiment id: a347f998-08e0-4836-b2d7-21fa02b25417
Performance Test Version: 57791ae
Logfile name: 
Communication mean: ROS2
RMW Implementation: rmw_cyclonedds_cpp
DDS domain id: 0
QOS: Reliability: RELIABLE Durability: VOLATILE History kind: KEEP_LAST History depth: 10 Sync. pub/sub: 0
Publishing rate: 120
Topic name: Array60k
Maximum runtime (sec): 30
Number of publishers: 1
Number of subscribers: 0
Memory check enabled: 0
Use single participant: 0
With security: 0
Roundtrip Mode: NONE
Ignore seconds from beginning: 1

---EXPERIMENT-START---
T_experiment,	T_loop,	received,	sent,	lost,	relative_loss,	data_received,	latency_min (ms),	latency_max (ms),	latency_mean (ms),	latency_variance (ms),	pub_loop_res_min (ms),	pub_loop_res_max (ms),	pub_loop_res_mean (ms),	pub_loop_res_variance (ms),	sub_loop_res_min (ms),	sub_loop_res_max (ms),	sub_loop_res_mean (ms),	sub_loop_res_variance (ms),	ru_utime,	ru_stime,	ru_maxrss,	ru_ixrss,	ru_idrss,	ru_isrss,	ru_minflt,	ru_majflt,	ru_nswap,	ru_inblock,	ru_oublock,	ru_msgsnd,	ru_msgrcv,	ru_nsignals,	ru_nvcsw,	ru_nivcsw,	cpu_usage (%),	
2.000416,		1.000082,		0,		102,		0,		0.00,		0,		inf,		-inf,		0,		0,		-149.9,		7.996,		-90.72,		3.393,		inf,		-inf,		0,		0,		0.0423,		0.08038,		23024,		0,		0,		0,		3185,		0,		0,		0,		8,		0,		0,		0,		320,		0,		0.3749,		
3.000876,		1.000144,		0,		127,		0,		0.00,		0,		inf,		-inf,		0,		0,		-155.6,		-69.27,		-116.5,		0.4659,		inf,		-inf,		0,		0,		0.05933,		0.1271,		23024,		0,		0,		0,		3186,		0,		0,		0,		8,		0,		0,		0,		414,		0,		0.3124,		
4.001280,		1.000151,		0,		101,		0,		0.00,		0,		inf,		-inf,		0,		0,		-230.5,		-85.41,		-176.4,		1.414,		inf,		-inf,		0,		0,		0.06087,		0.1739,		23024,		0,		0,		0,		3186,		0,		0,		0,		8,		0,		0,		0,		496,		2,		0.3749,		
5.001773,		1.000227,		0,		96,		0,		0.00,		0,		inf,		-inf,		0,		0,		-394.5,		-212.7,		-279.4,		1.153,		inf,		-inf,		0,		0,		0.07808,		0.2055,		23024,		0,		0,		0,		3186,		0,		0,		0,		8,		0,		0,		0,		573,		2,		0.2499,		
6.002269,		1.000228,		0,		108,		0,		0.00,		0,		inf,		-inf,		0,		0,		-524.1,		-405.7,		-460.1,		1.088,		inf,		-inf,		0,		0,		0.08573,		0.249,		23024,		0,		0,		0,		3189,		0,		0,		0,		8,		0,		0,		0,		688,		2,		0.3123,		
7.002569,		1.000143,		0,		106,		0,		0.00,		0,		inf,		-inf,		0,		0,		-638.1,		-515.4,		-578.1,		0.7301,		inf,		-inf,		0,		0,		0.1008,		0.2823,		23024,		0,		0,		0,		3190,		0,		0,		0,		8,		0,		0,		0,		794,		3,		0.3749,		
8.002948,		1.000129,		0,		130,		0,		0.00,		0,		inf,		-inf,		0,		0,		-650.8,		-523.3,		-586.7,		0.903,		inf,		-inf,		0,		0,		0.1205,		0.3325,		23024,		0,		0,		0,		3194,		0,		0,		0,		8,		0,		0,		0,		926,		5,		0.4373,		
9.003425,		1.000216,		0,		135,		0,		0.00,		0,		inf,		-inf,		0,		0,		-528.6,		-382.9,		-451,		2.185,		inf,		-inf,		0,		0,		0.1445,		0.3808,		23024,		0,		0,		0,		3198,		0,		0,		0,		8,		0,		0,		0,		1092,		5,		0.4373,		
10.003940,		1.000242,		0,		120,		0,		0.00,		0,		inf,		-inf,		0,		0,		-424.8,		-371.3,		-400,		0.1573,		inf,		-inf,		0,		0,		0.161,		0.437,		23024,		0,		0,		0,		3206,		0,		0,		0,		8,		0,		0,		0,		1264,		6,		0.4373,		
11.004296,		1.000066,		0,		133,		0,		0.00,		0,		inf,		-inf,		0,		0,		-382.8,		-215.4,		-316.8,		2.345,		inf,		-inf,		0,		0,		0.1776,		0.4872,		23024,		0,		0,		0,		3206,		0,		0,		0,		8,		0,		0,		0,		1423,		6,		0.3749,		
12.004710,		1.000142,		0,		139,		0,		0.00,		0,		inf,		-inf,		0,		0,		-286.9,		-76.5,		-188.9,		3.419,		inf,		-inf,		0,		0,		0.1873,		0.539,		23024,		0,		0,		0,		3206,		0,		0,		0,		8,		0,		0,		0,		1562,		6,		0.3748,		
13.005136,		1.000138,		0,		116,		0,		0.00,		0,		inf,		-inf,		0,		0,		-135.5,		-63.49,		-94.91,		0.3177,		inf,		-inf,		0,		0,		0.1966,		0.5851,		23024,		0,		0,		0,		3206,		0,		0,		0,		8,		0,		0,		0,		1668,		6,		0.3748,		
14.005624,		1.000226,		0,		114,		0,		0.00,		0,		inf,		-inf,		0,		0,		-202.6,		-113.2,		-166.5,		0.529,		inf,		-inf,		0,		0,		0.1999,		0.6362,		23024,		0,		0,		0,		3206,		0,		0,		0,		8,		0,		0,		0,		1767,		6,		0.3124,		
15.005995,		1.000097,		0,		117,		0,		0.00,		0,		inf,		-inf,		0,		0,		-195,		-135.7,		-167.2,		0.1596,		inf,		-inf,		0,		0,		0.2109,		0.6794,		23024,		0,		0,		0,		3206,		0,		0,		0,		8,		0,		0,		0,		1863,		6,		0.3749,		
16.006247,		1.000123,		0,		121,		0,		0.00,		0,		inf,		-inf,		0,		0,		-241.9,		-145.1,		-185.9,		0.7495,		inf,		-inf,		0,		0,		0.2132,		0.737,		23024,		0,		0,		0,		3206,		0,		0,		0,		16,		0,		0,		0,		1964,		6,		0.3749,		
17.006651,		1.000140,		0,		125,		0,		0.00,		0,		inf,		-inf,		0,		0,		-190.3,		-111.8,		-150,		0.5242,		inf,		-inf,		0,		0,		0.223,		0.7781,		23024,		0,		0,		0,		3207,		0,		0,		0,		16,		0,		0,		0,		2092,		7,		0.3124,		
18.007069,		1.000154,		0,		89,		0,		0.00,		0,		inf,		-inf,		0,		0,		-361.9,		-263.9,		-319.7,		0.4984,		inf,		-inf,		0,		0,		0.2283,		0.8172,		23024,		0,		0,		0,		3207,		0,		0,		0,		16,		0,		0,		0,		2176,		7,		0.2499,		
19.007483,		1.000125,		0,		125,		0,		0.00,		0,		inf,		-inf,		0,		0,		-379.8,		-263.4,		-309.2,		0.7526,		inf,		-inf,		0,		0,		0.2421,		0.8633,		23024,		0,		0,		0,		3207,		0,		0,		0,		16,		0,		0,		0,		2272,		7,		0.4373,		
20.007895,		1.000160,		0,		118,		0,		0.00,		0,		inf,		-inf,		0,		0,		-346.1,		-240.5,		-284.1,		0.3135,		inf,		-inf,		0,		0,		0.2538,		0.9066,		23024,		0,		0,		0,		3207,		0,		0,		0,		16,		0,		0,		0,		2368,		7,		0.3124,		
21.008135,		1.000108,		0,		104,		0,		0.00,		0,		inf,		-inf,		0,		0,		-420.7,		-312.4,		-368.5,		0.9484,		inf,		-inf,		0,		0,		0.2627,		0.9527,		23024,		0,		0,		0,		3207,		0,		0,		0,		16,		0,		0,		0,		2459,		8,		0.3749,		
22.008585,		1.000106,		0,		109,		0,		0.00,		0,		inf,		-inf,		0,		0,		-533,		-409.5,		-452.9,		0.6218,		inf,		-inf,		0,		0,		0.2925,		0.975,		23024,		0,		0,		0,		3207,		0,		0,		0,		16,		0,		0,		0,		2549,		8,		0.3124,		
23.009026,		1.000131,		0,		95,		0,		0.00,		0,		inf,		-inf,		0,		0,		-724.5,		-522.2,		-584.9,		3.746,		inf,		-inf,		0,		0,		0.3079,		1.005,		23024,		0,		0,		0,		3207,		0,		0,		0,		16,		0,		0,		0,		2629,		8,		0.2499,		
24.009462,		1.000147,		0,		109,		0,		0.00,		0,		inf,		-inf,		0,		0,		-904.9,		-803.2,		-858.4,		0.7287,		inf,		-inf,		0,		0,		0.3206,		1.049,		23024,		0,		0,		0,		3207,		0,		0,		0,		16,		0,		0,		0,		2730,		8,		0.3748,		
25.009834,		1.000108,		0,		115,		0,		0.00,		0,		inf,		-inf,		0,		0,		-871.1,		-756.5,		-819.5,		0.8691,		inf,		-inf,		0,		0,		0.3291,		1.1,		23024,		0,		0,		0,		3208,		0,		0,		0,		16,		0,		0,		0,		2852,		8,		0.3124,		
26.010160,		1.000179,		0,		128,		0,		0.00,		0,		inf,		-inf,		0,		0,		-903.2,		-734.2,		-807.5,		1.604,		inf,		-inf,		0,		0,		0.3645,		1.125,		23024,		0,		0,		0,		3208,		0,		0,		0,		16,		0,		0,		0,		2958,		9,		0.4374,		
27.010519,		1.000255,		0,		129,		0,		0.00,		0,		inf,		-inf,		0,		0,		-811,		-698.8,		-773.9,		0.5272,		inf,		-inf,		0,		0,		0.3848,		1.168,		23024,		0,		0,		0,		3208,		0,		0,		0,		16,		0,		0,		0,		3057,		10,		0.3749,		
28.011068,		1.000282,		0,		179,		0,		0.00,		0,		inf,		-inf,		0,		0,		-698.5,		-201.2,		-452.8,		17.89,		inf,		-inf,		0,		0,		0.3932,		1.242,		23024,		0,		0,		0,		3208,		0,		0,		0,		16,		0,		0,		0,		3183,		11,		0.5622,		
29.011503,		1.000335,		0,		129,		0,		0.00,		0,		inf,		-inf,		0,		0,		-205.2,		8.155,		-74.69,		5.272,		inf,		-inf,		0,		0,		0.4168,		1.281,		23024,		0,		0,		0,		3208,		0,		0,		0,		16,		0,		0,		0,		3298,		12,		0.3748,		
30.011936,		1.000304,		0,		111,		0,		0.00,		0,		inf,		-inf,		0,		0,		-263.2,		-119,		-212,		0.7764,		inf,		-inf,		0,		0,		0.4294,		1.324,		23024,		0,		0,		0,		3208,		0,		0,		0,		16,		0,		0,		0,		3388,		12,		0.3124,		
Maximum runtime reached. Exiting.
