Experiment id: 208ed3e9-b02d-4e2d-9e6f-079ccde7eb40
Performance Test Version: 57791ae
Logfile name: 
Communication mean: ROS2
RMW Implementation: rmw_cyclonedds_cpp
DDS domain id: 0
QOS: Reliability: RELIABLE Durability: VOLATILE History kind: KEEP_LAST History depth: 10 Sync. pub/sub: 0
Publishing rate: 100
Topic name: Array60k
Maximum runtime (sec): 30
Number of publishers: 1
Number of subscribers: 0
Memory check enabled: 0
Use single participant: 0
With security: 0
Roundtrip Mode: NONE
Ignore seconds from beginning: 1

---EXPERIMENT-START---
T_experiment,	T_loop,	received,	sent,	lost,	relative_loss,	data_received,	latency_min (ms),	latency_max (ms),	latency_mean (ms),	latency_variance (ms),	pub_loop_res_min (ms),	pub_loop_res_max (ms),	pub_loop_res_mean (ms),	pub_loop_res_variance (ms),	sub_loop_res_min (ms),	sub_loop_res_max (ms),	sub_loop_res_mean (ms),	sub_loop_res_variance (ms),	ru_utime,	ru_stime,	ru_maxrss,	ru_ixrss,	ru_idrss,	ru_isrss,	ru_minflt,	ru_majflt,	ru_nswap,	ru_inblock,	ru_oublock,	ru_msgsnd,	ru_msgrcv,	ru_nsignals,	ru_nvcsw,	ru_nivcsw,	cpu_usage (%),	
2.000464,		1.000084,		0,		100,		0,		0.00,		0,		inf,		-inf,		0,		0,		-36.07,		9.828,		1.833,		0.1499,		inf,		-inf,		0,		0,		0.03415,		0.08228,		23208,		0,		0,		0,		3183,		0,		0,		0,		8,		0,		0,		0,		317,		2,		0.3749,		
3.000898,		1.000143,		0,		99,		0,		0.00,		0,		inf,		-inf,		0,		0,		-25.87,		9.733,		3.324,		0.08259,		inf,		-inf,		0,		0,		0.05404,		0.1192,		23208,		0,		0,		0,		3184,		0,		0,		0,		8,		0,		0,		0,		432,		2,		0.3124,		
4.001373,		1.000212,		0,		82,		0,		0.00,		0,		inf,		-inf,		0,		0,		-265.5,		9.491,		-121.2,		9.115,		inf,		-inf,		0,		0,		0.06706,		0.1513,		23208,		0,		0,		0,		3184,		0,		0,		0,		8,		0,		0,		0,		517,		4,		0.3123,		
5.001906,		1.000250,		0,		104,		0,		0.00,		0,		inf,		-inf,		0,		0,		-166.1,		9.792,		-59.83,		4.115,		inf,		-inf,		0,		0,		0.07741,		0.19,		23208,		0,		0,		0,		3184,		0,		0,		0,		8,		0,		0,		0,		620,		4,		0.2499,		
6.002320,		1.000142,		0,		110,		0,		0.00,		0,		inf,		-inf,		0,		0,		-153.7,		9.283,		-80.42,		2.591,		inf,		-inf,		0,		0,		0.08927,		0.2337,		23208,		0,		0,		0,		3184,		0,		0,		0,		8,		0,		0,		0,		710,		5,		0.3748,		
7.002738,		1.000139,		0,		97,		0,		0.00,		0,		inf,		-inf,		0,		0,		-43.41,		9.763,		2.105,		0.1534,		inf,		-inf,		0,		0,		0.1003,		0.2718,		23208,		0,		0,		0,		3184,		0,		0,		0,		8,		0,		0,		0,		825,		6,		0.3748,		
8.003172,		1.000147,		0,		97,		0,		0.00,		0,		inf,		-inf,		0,		0,		-119.6,		-15.3,		-65.44,		0.4612,		inf,		-inf,		0,		0,		0.1122,		0.3099,		23208,		0,		0,		0,		3184,		0,		0,		0,		8,		0,		0,		0,		906,		7,		0.2499,		
9.003592,		1.000139,		0,		104,		0,		0.00,		0,		inf,		-inf,		0,		0,		-61.05,		9.788,		-0.5063,		0.3013,		inf,		-inf,		0,		0,		0.1325,		0.3533,		23208,		0,		0,		0,		3184,		0,		0,		0,		8,		0,		0,		0,		1046,		9,		0.4373,		
10.004088,		1.000240,		0,		98,		0,		0.00,		0,		inf,		-inf,		0,		0,		-14.18,		9.749,		6.749,		0.02549,		inf,		-inf,		0,		0,		0.146,		0.3898,		23208,		0,		0,		0,		3184,		0,		0,		0,		8,		0,		0,		0,		1168,		10,		0.2499,		
11.004566,		1.000212,		0,		100,		0,		0.00,		0,		inf,		-inf,		0,		0,		-50.03,		9.805,		-0.7374,		0.2144,		inf,		-inf,		0,		0,		0.1612,		0.4294,		23208,		0,		0,		0,		3184,		0,		0,		0,		8,		0,		0,		0,		1285,		10,		0.3748,		
12.005082,		1.000255,		0,		99,		0,		0.00,		0,		inf,		-inf,		0,		0,		-35.91,		9.811,		6.359,		0.07655,		inf,		-inf,		0,		0,		0.1782,		0.4599,		23208,		0,		0,		0,		3184,		0,		0,		0,		8,		0,		0,		0,		1402,		11,		0.2499,		
13.005266,		1.000077,		0,		99,		0,		0.00,		0,		inf,		-inf,		0,		0,		-5.889,		9.823,		8.588,		0.006728,		inf,		-inf,		0,		0,		0.1901,		0.4999,		23208,		0,		0,		0,		3184,		0,		0,		0,		8,		0,		0,		0,		1522,		12,		0.3749,		
14.005638,		1.000125,		0,		99,		0,		0.00,		0,		inf,		-inf,		0,		0,		-47.62,		9.529,		0.9034,		0.2371,		inf,		-inf,		0,		0,		0.2067,		0.5397,		23208,		0,		0,		0,		3184,		0,		0,		0,		8,		0,		0,		0,		1628,		12,		0.3124,		
15.005980,		1.000093,		0,		99,		0,		0.00,		0,		inf,		-inf,		0,		0,		-17.94,		9.752,		5.947,		0.04821,		inf,		-inf,		0,		0,		0.215,		0.5857,		23208,		0,		0,		0,		3184,		0,		0,		0,		8,		0,		0,		0,		1738,		13,		0.3749,		
16.006599,		1.000326,		0,		99,		0,		0.00,		0,		inf,		-inf,		0,		0,		-7.711,		9.816,		8.672,		0.006129,		inf,		-inf,		0,		0,		0.224,		0.6298,		23208,		0,		0,		0,		3184,		0,		0,		0,		16,		0,		0,		0,		1856,		14,		0.3123,		
17.007034,		1.000156,		0,		99,		0,		0.00,		0,		inf,		-inf,		0,		0,		-53.86,		9.799,		-1.371,		0.2108,		inf,		-inf,		0,		0,		0.2368,		0.6709,		23208,		0,		0,		0,		3186,		0,		0,		0,		16,		0,		0,		0,		1995,		16,		0.3748,		
18.007671,		1.000359,		0,		97,		0,		0.00,		0,		inf,		-inf,		0,		0,		-18.87,		9.462,		6.311,		0.03463,		inf,		-inf,		0,		0,		0.25,		0.7143,		23208,		0,		0,		0,		3186,		0,		0,		0,		16,		0,		0,		0,		2121,		17,		0.3123,		
19.008101,		1.000146,		0,		101,		0,		0.00,		0,		inf,		-inf,		0,		0,		-68.58,		9.455,		-14.55,		0.4623,		inf,		-inf,		0,		0,		0.2617,		0.7567,		23208,		0,		0,		0,		3186,		0,		0,		0,		16,		0,		0,		0,		2225,		18,		0.3748,		
20.008509,		1.000150,		0,		99,		0,		0.00,		0,		inf,		-inf,		0,		0,		-29.03,		9.598,		2.154,		0.08042,		inf,		-inf,		0,		0,		0.271,		0.7988,		23208,		0,		0,		0,		3186,		0,		0,		0,		16,		0,		0,		0,		2340,		19,		0.3124,		
21.009022,		1.000240,		0,		99,		0,		0.00,		0,		inf,		-inf,		0,		0,		-24.9,		9.821,		5.782,		0.05689,		inf,		-inf,		0,		0,		0.2859,		0.8374,		23208,		0,		0,		0,		3186,		0,		0,		0,		16,		0,		0,		0,		2459,		19,		0.3123,		
22.009449,		1.000149,		0,		99,		0,		0.00,		0,		inf,		-inf,		0,		0,		-10.52,		9.472,		8.478,		0.01156,		inf,		-inf,		0,		0,		0.2998,		0.8811,		23208,		0,		0,		0,		3186,		0,		0,		0,		16,		0,		0,		0,		2586,		19,		0.3748,		
23.009939,		1.000217,		0,		94,		0,		0.00,		0,		inf,		-inf,		0,		0,		-86.37,		9.46,		-7.106,		0.785,		inf,		-inf,		0,		0,		0.3125,		0.9239,		23208,		0,		0,		0,		3186,		0,		0,		0,		16,		0,		0,		0,		2702,		23,		0.3748,		
24.010504,		1.000291,		0,		104,		0,		0.00,		0,		inf,		-inf,		0,		0,		-63.51,		9.804,		-1.894,		0.3828,		inf,		-inf,		0,		0,		0.3248,		0.9683,		23208,		0,		0,		0,		3186,		0,		0,		0,		16,		0,		0,		0,		2822,		23,		0.3123,		
25.010851,		1.000076,		0,		100,		0,		0.00,		0,		inf,		-inf,		0,		0,		-59.01,		9.674,		-1.958,		0.3324,		inf,		-inf,		0,		0,		0.3409,		1.012,		23208,		0,		0,		0,		3187,		0,		0,		0,		16,		0,		0,		0,		2975,		23,		0.4374,		
26.011246,		1.000133,		0,		99,		0,		0.00,		0,		inf,		-inf,		0,		0,		-117,		9.463,		-38.95,		1.569,		inf,		-inf,		0,		0,		0.3534,		1.054,		23208,		0,		0,		0,		3190,		0,		0,		0,		16,		0,		0,		0,		3094,		24,		0.3124,		
27.011631,		1.000131,		0,		91,		0,		0.00,		0,		inf,		-inf,		0,		0,		-27.71,		9.784,		2.606,		0.1046,		inf,		-inf,		0,		0,		0.3636,		1.097,		23208,		0,		0,		0,		3194,		0,		0,		0,		16,		0,		0,		0,		3225,		25,		0.3124,		
28.012020,		1.000133,		0,		107,		0,		0.00,		0,		inf,		-inf,		0,		0,		-201.3,		9.317,		-101.1,		4.814,		inf,		-inf,		0,		0,		0.3777,		1.141,		23208,		0,		0,		0,		3196,		0,		0,		0,		16,		0,		0,		0,		3332,		26,		0.3749,		
29.012526,		1.000252,		0,		79,		0,		0.00,		0,		inf,		-inf,		0,		0,		-192.3,		9.519,		-88.5,		5.917,		inf,		-inf,		0,		0,		0.3834,		1.179,		23208,		0,		0,		0,		3198,		0,		0,		0,		16,		0,		0,		0,		3428,		26,		0.2499,		
30.012957,		1.000150,		0,		118,		0,		0.00,		0,		inf,		-inf,		0,		0,		-200.4,		8.29,		-102.2,		3.206,		inf,		-inf,		0,		0,		0.3978,		1.226,		23208,		0,		0,		0,		3200,		0,		0,		0,		16,		0,		0,		0,		3542,		29,		0.3748,		
Maximum runtime reached. Exiting.
