Experiment id: 98af7c78-0b91-477f-bb90-e2eed8842478
Performance Test Version: 57791ae
Logfile name: 
Communication mean: ROS2
RMW Implementation: rmw_cyclonedds_cpp
DDS domain id: 0
QOS: Reliability: RELIABLE Durability: VOLATILE History kind: KEEP_LAST History depth: 10 Sync. pub/sub: 0
Publishing rate: 120
Topic name: Array60k
Maximum runtime (sec): 30
Number of publishers: 0
Number of subscribers: 1
Memory check enabled: 0
Use single participant: 0
With security: 0
Roundtrip Mode: NONE
Ignore seconds from beginning: 1

---EXPERIMENT-START---
T_experiment,	T_loop,	received,	sent,	lost,	relative_loss,	data_received,	latency_min (ms),	latency_max (ms),	latency_mean (ms),	latency_variance (ms),	pub_loop_res_min (ms),	pub_loop_res_max (ms),	pub_loop_res_mean (ms),	pub_loop_res_variance (ms),	sub_loop_res_min (ms),	sub_loop_res_max (ms),	sub_loop_res_mean (ms),	sub_loop_res_variance (ms),	ru_utime,	ru_stime,	ru_maxrss,	ru_ixrss,	ru_idrss,	ru_isrss,	ru_minflt,	ru_majflt,	ru_nswap,	ru_inblock,	ru_oublock,	ru_msgsnd,	ru_msgrcv,	ru_nsignals,	ru_nvcsw,	ru_nivcsw,	cpu_usage (%),	
2.037387,		1.009343,		105,		0,		0,		-nan,		6456589,		-7.376e+08,		-7.376e+08,		-7.376e+08,		2.709,		inf,		-inf,		0,		0,		0,		0,		0,		0,		0.1514,		0.02329,		24816,		0,		0,		0,		3885,		0,		0,		0,		8,		0,		0,		0,		498,		0,		0.9907,		
3.042333,		1.004844,		96,		0,		0,		-nan,		5907528,		-7.376e+08,		-7.376e+08,		-7.376e+08,		2.508,		inf,		-inf,		0,		0,		0,		0,		0,		0,		0.2079,		0.0297,		24816,		0,		0,		0,		3885,		0,		0,		0,		8,		0,		0,		0,		714,		0,		0.6219,		
4.051344,		1.008849,		98,		0,		0,		-nan,		6052985,		-7.376e+08,		-7.376e+08,		-7.376e+08,		1.246,		inf,		-inf,		0,		0,		0,		0,		0,		0,		0.2633,		0.04388,		24816,		0,		0,		0,		3885,		0,		0,		0,		8,		0,		0,		0,		936,		1,		0.9911,		
5.074664,		1.023230,		90,		0,		0,		-nan,		5543413,		-7.376e+08,		-7.376e+08,		-7.376e+08,		2.849,		inf,		-inf,		0,		0,		0,		0,		0,		0,		0.3364,		0.05045,		24816,		0,		0,		0,		3885,		0,		0,		0,		8,		0,		0,		0,		1136,		1,		0.9772,		
6.078578,		1.003832,		110,		0,		0,		-nan,		6784120,		-7.376e+08,		-7.376e+08,		-7.376e+08,		0.6938,		inf,		-inf,		0,		0,		0,		0,		0,		0,		0.3902,		0.06854,		24816,		0,		0,		0,		3885,		0,		0,		0,		8,		0,		0,		0,		1395,		1,		0.7471,		
7.080173,		1.001365,		94,		0,		0,		-nan,		5815165,		-7.376e+08,		-7.376e+08,		-7.376e+08,		5.245,		inf,		-inf,		0,		0,		0,		0,		0,		0,		0.4167,		0.1015,		24816,		0,		0,		0,		3885,		0,		0,		0,		8,		0,		0,		0,		1625,		1,		0.8736,		
8.086880,		1.006474,		102,		0,		0,		-nan,		6321703,		-7.376e+08,		-7.376e+08,		-7.376e+08,		1.625,		inf,		-inf,		0,		0,		0,		0,		0,		0,		0.462,		0.1236,		24816,		0,		0,		0,		3885,		0,		0,		0,		8,		0,		0,		0,		1865,		1,		0.8692,		
9.100485,		1.013511,		91,		0,		0,		-nan,		5614309,		-7.376e+08,		-7.376e+08,		-7.376e+08,		5.558,		inf,		-inf,		0,		0,		0,		0,		0,		0,		0.5214,		0.1342,		24816,		0,		0,		0,		3885,		0,		0,		0,		8,		0,		0,		0,		2091,		2,		0.8633,		
10.143327,		1.042749,		80,		0,		29,		inf,		4972123,		-7.376e+08,		-7.376e+08,		-7.376e+08,		1.631,		inf,		-inf,		0,		0,		0,		0,		0,		0,		0.5944,		0.1524,		24816,		0,		0,		0,		3886,		0,		0,		0,		8,		0,		0,		0,		2313,		3,		1.079,		
11.192800,		1.049395,		65,		0,		60,		inf,		4007419,		-7.376e+08,		-7.376e+08,		-7.376e+08,		2.402,		inf,		-inf,		0,		0,		0,		0,		0,		0,		0.6771,		0.1642,		24816,		0,		0,		0,		3887,		0,		0,		0,		8,		0,		0,		0,		2523,		3,		1.072,		
12.221850,		1.028956,		57,		0,		61,		inf,		3514222,		-7.376e+08,		-7.376e+08,		-7.376e+08,		3.662,		inf,		-inf,		0,		0,		0,		0,		0,		0,		0.7423,		0.1713,		24816,		0,		0,		0,		3887,		0,		0,		0,		8,		0,		0,		0,		2726,		3,		0.9718,		
13.228406,		1.006476,		59,		0,		31,		inf,		3642763,		-7.376e+08,		-7.376e+08,		-7.376e+08,		5.841,		inf,		-inf,		0,		0,		0,		0,		0,		0,		0.7601,		0.2068,		24816,		0,		0,		0,		3887,		0,		0,		0,		8,		0,		0,		0,		2936,		3,		0.4967,		
14.249374,		1.020875,		56,		0,		78,		inf,		3479967,		-7.376e+08,		-7.376e+08,		-7.376e+08,		8.589,		inf,		-inf,		0,		0,		0,		0,		0,		0,		0.8059,		0.2258,		24816,		0,		0,		0,		3889,		0,		0,		0,		8,		0,		0,		0,		3140,		4,		0.857,		
15.310835,		1.061379,		1,		0,		5,		inf,		120414,		-7.376e+08,		-7.376e+08,		-7.376e+08,		0.07433,		inf,		-inf,		0,		0,		0,		0,		0,		0,		0.8697,		0.2313,		24816,		0,		0,		0,		3889,		0,		0,		0,		8,		0,		0,		0,		3194,		4,		0.8243,		
16.316124,		1.005205,		0,		0,		0,		-nan,		0,		inf,		-inf,		0,		-nan,		inf,		-inf,		0,		0,		0,		0,		0,		0,		0.8731,		0.2395,		24816,		0,		0,		0,		3889,		0,		0,		0,		16,		0,		0,		0,		3243,		4,		0.1243,		
17.322807,		1.006444,		0,		0,		0,		-nan,		0,		inf,		-inf,		0,		-nan,		inf,		-inf,		0,		0,		0,		0,		0,		0,		0.8843,		0.2412,		24816,		0,		0,		0,		3889,		0,		0,		0,		16,		0,		0,		0,		3290,		4,		0.2483,		
18.329269,		1.006364,		0,		0,		0,		-nan,		0,		inf,		-inf,		0,		-nan,		inf,		-inf,		0,		0,		0,		0,		0,		0,		0.8885,		0.2496,		24816,		0,		0,		0,		3889,		0,		0,		0,		16,		0,		0,		0,		3334,		4,		0,		
19.335402,		1.006003,		0,		0,		0,		-nan,		0,		inf,		-inf,		0,		-nan,		inf,		-inf,		0,		0,		0,		0,		0,		0,		0.895,		0.2536,		24816,		0,		0,		0,		3889,		0,		0,		0,		16,		0,		0,		0,		3365,		4,		0.2485,		
20.341072,		1.005569,		0,		0,		0,		-nan,		0,		inf,		-inf,		0,		-nan,		inf,		-inf,		0,		0,		0,		0,		0,		0,		0.9031,		0.2536,		24816,		0,		0,		0,		3889,		0,		0,		0,		16,		0,		0,		0,		3387,		4,		0.1243,		
21.346321,		1.005019,		0,		0,		0,		-nan,		0,		inf,		-inf,		0,		-nan,		inf,		-inf,		0,		0,		0,		0,		0,		0,		0.9078,		0.2566,		24816,		0,		0,		0,		3889,		0,		0,		0,		16,		0,		0,		0,		3408,		4,		0,		
22.351820,		1.005272,		0,		0,		0,		-nan,		0,		inf,		-inf,		0,		-nan,		inf,		-inf,		0,		0,		0,		0,		0,		0,		0.9146,		0.2571,		24816,		0,		0,		0,		3889,		0,		0,		0,		16,		0,		0,		0,		3427,		4,		0.1243,		
23.355967,		1.003916,		0,		0,		0,		-nan,		0,		inf,		-inf,		0,		-nan,		inf,		-inf,		0,		0,		0,		0,		0,		0,		0.917,		0.2613,		24816,		0,		0,		0,		3889,		0,		0,		0,		16,		0,		0,		0,		3446,		4,		0.1245,		
24.361990,		1.005810,		0,		0,		0,		-nan,		0,		inf,		-inf,		0,		-nan,		inf,		-inf,		0,		0,		0,		0,		0,		0,		0.9251,		0.2622,		24816,		0,		0,		0,		3890,		0,		0,		0,		16,		0,		0,		0,		3471,		4,		0.1243,		
25.367548,		1.005460,		0,		0,		0,		-nan,		0,		inf,		-inf,		0,		-nan,		inf,		-inf,		0,		0,		0,		0,		0,		0,		0.9353,		0.2623,		24816,		0,		0,		0,		3890,		0,		0,		0,		16,		0,		0,		0,		3508,		4,		0.1243,		
26.371866,		1.004091,		0,		0,		0,		-nan,		0,		inf,		-inf,		0,		-nan,		inf,		-inf,		0,		0,		0,		0,		0,		0,		0.9421,		0.2628,		24816,		0,		0,		0,		3890,		0,		0,		0,		16,		0,		0,		0,		3535,		4,		0.1245,		
27.377407,		1.005309,		0,		0,		0,		-nan,		0,		inf,		-inf,		0,		-nan,		inf,		-inf,		0,		0,		0,		0,		0,		0,		0.9495,		0.2628,		24816,		0,		0,		0,		3890,		0,		0,		0,		16,		0,		0,		0,		3554,		4,		0,		
28.384251,		1.006747,		0,		0,		0,		-nan,		0,		inf,		-inf,		0,		-nan,		inf,		-inf,		0,		0,		0,		0,		0,		0,		0.9578,		0.2628,		24816,		0,		0,		0,		3890,		0,		0,		0,		16,		0,		0,		0,		3571,		4,		0.1242,		
29.389833,		1.005487,		0,		0,		0,		-nan,		0,		inf,		-inf,		0,		-nan,		inf,		-inf,		0,		0,		0,		0,		0,		0,		0.9652,		0.2628,		24816,		0,		0,		0,		3890,		0,		0,		0,		16,		0,		0,		0,		3588,		4,		0.1243,		
30.395885,		1.005810,		0,		0,		0,		-nan,		0,		inf,		-inf,		0,		-nan,		inf,		-inf,		0,		0,		0,		0,		0,		0,		0.9688,		0.2669,		24816,		0,		0,		0,		3890,		0,		0,		0,		16,		0,		0,		0,		3606,		5,		0,		
Maximum runtime reached. Exiting.
