Experiment id: a67a7959-013e-4304-be21-72393a356124
Performance Test Version: 57791ae
Logfile name: 
Communication mean: ROS2
RMW Implementation: rmw_cyclonedds_cpp
DDS domain id: 0
QOS: Reliability: RELIABLE Durability: VOLATILE History kind: KEEP_LAST History depth: 10 Sync. pub/sub: 0
Publishing rate: 120
Topic name: Array60k
Maximum runtime (sec): 30
Number of publishers: 0
Number of subscribers: 1
Memory check enabled: 0
Use single participant: 0
With security: 0
Roundtrip Mode: NONE
Ignore seconds from beginning: 1

---EXPERIMENT-START---
T_experiment,	T_loop,	received,	sent,	lost,	relative_loss,	data_received,	latency_min (ms),	latency_max (ms),	latency_mean (ms),	latency_variance (ms),	pub_loop_res_min (ms),	pub_loop_res_max (ms),	pub_loop_res_mean (ms),	pub_loop_res_variance (ms),	sub_loop_res_min (ms),	sub_loop_res_max (ms),	sub_loop_res_mean (ms),	sub_loop_res_variance (ms),	ru_utime,	ru_stime,	ru_maxrss,	ru_ixrss,	ru_idrss,	ru_isrss,	ru_minflt,	ru_majflt,	ru_nswap,	ru_inblock,	ru_oublock,	ru_msgsnd,	ru_msgrcv,	ru_nsignals,	ru_nvcsw,	ru_nivcsw,	cpu_usage (%),	
2.013114,		1.003333,		103,		0,		0,		-nan,		6387622,		-7.376e+08,		-7.376e+08,		-7.376e+08,		1.829,		inf,		-inf,		0,		0,		0,		0,		0,		0,		0.1159,		0.02992,		23708,		0,		0,		0,		3685,		0,		0,		0,		8,		0,		0,		0,		637,		5,		0.6229,		
3.019560,		1.006339,		87,		0,		0,		-nan,		5392043,		-7.376e+08,		-7.376e+08,		-7.376e+08,		6.502,		inf,		-inf,		0,		0,		0,		0,		0,		0,		0.162,		0.0405,		24500,		0,		0,		0,		3896,		0,		0,		0,		8,		0,		0,		0,		844,		6,		0.8694,		
4.023217,		1.003556,		93,		0,		0,		-nan,		5740148,		-7.376e+08,		-7.376e+08,		-7.376e+08,		7.029,		inf,		-inf,		0,		0,		0,		0,		0,		0,		0.215,		0.04886,		24500,		0,		0,		0,		3896,		0,		0,		0,		8,		0,		0,		0,		1056,		6,		0.6227,		
5.033896,		1.010443,		95,		0,		0,		-nan,		5877284,		-7.376e+08,		-7.376e+08,		-7.376e+08,		4.515,		inf,		-inf,		0,		0,		0,		0,		0,		0,		0.2622,		0.06927,		24500,		0,		0,		0,		3896,		0,		0,		0,		8,		0,		0,		0,		1276,		7,		0.8658,		
6.045976,		1.011993,		69,		0,		27,		inf,		4255194,		-7.376e+08,		-7.376e+08,		-7.376e+08,		2.834,		inf,		-inf,		0,		0,		0,		0,		0,		0,		0.3015,		0.08687,		24500,		0,		0,		0,		3898,		0,		0,		0,		8,		0,		0,		0,		1466,		8,		0.7411,		
7.062416,		1.016354,		74,		0,		8,		inf,		4554356,		-7.376e+08,		-7.376e+08,		-7.376e+08,		5.657,		inf,		-inf,		0,		0,		0,		0,		0,		0,		0.3597,		0.09809,		24500,		0,		0,		0,		3898,		0,		0,		0,		8,		0,		0,		0,		1695,		9,		0.7379,		
8.085423,		1.022918,		57,		0,		30,		inf,		3506624,		-7.376e+08,		-7.376e+08,		-7.376e+08,		1.842,		inf,		-inf,		0,		0,		0,		0,		0,		0,		0.3996,		0.1172,		24500,		0,		0,		0,		3899,		0,		0,		0,		8,		0,		0,		0,		1854,		9,		0.7331,		
9.090903,		1.005392,		53,		0,		46,		inf,		3304173,		-7.376e+08,		-7.376e+08,		-7.376e+08,		11.46,		inf,		-inf,		0,		0,		0,		0,		0,		0,		0.4281,		0.1317,		24500,		0,		0,		0,		3916,		0,		0,		0,		8,		0,		0,		0,		2032,		9,		0.6216,		
10.103001,		1.012006,		35,		0,		137,		inf,		2200260,		-7.376e+08,		-7.376e+08,		-7.376e+08,		10.77,		inf,		-inf,		0,		0,		0,		0,		0,		0,		0.4789,		0.1337,		24500,		0,		0,		0,		3929,		0,		0,		0,		8,		0,		0,		0,		2239,		11,		0.6175,		
11.114381,		1.011263,		51,		0,		35,		inf,		3157578,		-7.376e+08,		-7.376e+08,		-7.376e+08,		9.755,		inf,		-inf,		0,		0,		0,		0,		0,		0,		0.5019,		0.1585,		24500,		0,		0,		0,		3929,		0,		0,		0,		8,		0,		0,		0,		2421,		12,		0.618,		
12.120385,		1.005911,		4,		0,		0,		-nan,		303788,		-7.376e+08,		-7.376e+08,		-7.376e+08,		0.1722,		inf,		-inf,		0,		0,		0,		0,		0,		0,		0.5118,		0.1599,		24500,		0,		0,		0,		3929,		0,		0,		0,		8,		0,		0,		0,		2462,		13,		0.1243,		
13.126636,		1.006018,		0,		0,		0,		-nan,		0,		inf,		-inf,		0,		-nan,		inf,		-inf,		0,		0,		0,		0,		0,		0,		0.516,		0.1649,		24500,		0,		0,		0,		3929,		0,		0,		0,		8,		0,		0,		0,		2489,		14,		0.1242,		
14.132552,		1.005799,		0,		0,		0,		-nan,		0,		inf,		-inf,		0,		-nan,		inf,		-inf,		0,		0,		0,		0,		0,		0,		0.5224,		0.1672,		24500,		0,		0,		0,		3929,		0,		0,		0,		8,		0,		0,		0,		2512,		14,		0.1243,		
15.138950,		1.006297,		0,		0,		0,		-nan,		0,		inf,		-inf,		0,		-nan,		inf,		-inf,		0,		0,		0,		0,		0,		0,		0.5258,		0.1718,		24500,		0,		0,		0,		3929,		0,		0,		0,		8,		0,		0,		0,		2529,		14,		0.1242,		
16.145357,		1.006310,		0,		0,		0,		-nan,		0,		inf,		-inf,		0,		-nan,		inf,		-inf,		0,		0,		0,		0,		0,		0,		0.5302,		0.1767,		24500,		0,		0,		0,		3930,		0,		0,		0,		16,		0,		0,		0,		2552,		15,		0.1242,		
17.150663,		1.005208,		0,		0,		0,		-nan,		0,		inf,		-inf,		0,		-nan,		inf,		-inf,		0,		0,		0,		0,		0,		0,		0.5385,		0.1778,		24500,		0,		0,		0,		3930,		0,		0,		0,		16,		0,		0,		0,		2586,		15,		0,		
18.156786,		1.006028,		0,		0,		0,		-nan,		0,		inf,		-inf,		0,		-nan,		inf,		-inf,		0,		0,		0,		0,		0,		0,		0.5442,		0.1814,		24500,		0,		0,		0,		3930,		0,		0,		0,		16,		0,		0,		0,		2616,		16,		0.2485,		
19.162256,		1.005371,		0,		0,		0,		-nan,		0,		inf,		-inf,		0,		-nan,		inf,		-inf,		0,		0,		0,		0,		0,		0,		0.5505,		0.1818,		24500,		0,		0,		0,		3930,		0,		0,		0,		16,		0,		0,		0,		2629,		16,		0.1243,		
20.167782,		1.005303,		0,		0,		0,		-nan,		0,		inf,		-inf,		0,		-nan,		inf,		-inf,		0,		0,		0,		0,		0,		0,		0.5579,		0.1818,		24500,		0,		0,		0,		3930,		0,		0,		0,		16,		0,		0,		0,		2645,		16,		0,		
21.173231,		1.005351,		0,		0,		0,		-nan,		0,		inf,		-inf,		0,		-nan,		inf,		-inf,		0,		0,		0,		0,		0,		0,		0.5653,		0.1818,		24500,		0,		0,		0,		3930,		0,		0,		0,		16,		0,		0,		0,		2662,		16,		0.1243,		
22.179176,		1.005847,		0,		0,		0,		-nan,		0,		inf,		-inf,		0,		-nan,		inf,		-inf,		0,		0,		0,		0,		0,		0,		0.5725,		0.1818,		24500,		0,		0,		0,		3930,		0,		0,		0,		16,		0,		0,		0,		2677,		16,		0.1243,		
23.185133,		1.005863,		0,		0,		0,		-nan,		0,		inf,		-inf,		0,		-nan,		inf,		-inf,		0,		0,		0,		0,		0,		0,		0.58,		0.1818,		24500,		0,		0,		0,		3930,		0,		0,		0,		16,		0,		0,		0,		2692,		16,		0,		
24.192186,		1.006958,		0,		0,		0,		-nan,		0,		inf,		-inf,		0,		-nan,		inf,		-inf,		0,		0,		0,		0,		0,		0,		0.5898,		0.1818,		24500,		0,		0,		0,		3930,		0,		0,		0,		16,		0,		0,		0,		2716,		16,		0.1241,		
25.197496,		1.005216,		0,		0,		0,		-nan,		0,		inf,		-inf,		0,		-nan,		inf,		-inf,		0,		0,		0,		0,		0,		0,		0.5976,		0.1818,		24500,		0,		0,		0,		3930,		0,		0,		0,		16,		0,		0,		0,		2738,		16,		0.1243,		
26.204140,		1.006420,		0,		0,		0,		-nan,		0,		inf,		-inf,		0,		-nan,		inf,		-inf,		0,		0,		0,		0,		0,		0,		0.6064,		0.1818,		24500,		0,		0,		0,		3930,		0,		0,		0,		16,		0,		0,		0,		2759,		16,		0.1242,		
27.210848,		1.006607,		0,		0,		0,		-nan,		0,		inf,		-inf,		0,		-nan,		inf,		-inf,		0,		0,		0,		0,		0,		0,		0.6154,		0.1818,		24500,		0,		0,		0,		3930,		0,		0,		0,		16,		0,		0,		0,		2779,		16,		0.1242,		
28.217705,		1.006755,		0,		0,		0,		-nan,		0,		inf,		-inf,		0,		-nan,		inf,		-inf,		0,		0,		0,		0,		0,		0,		0.6235,		0.1818,		24500,		0,		0,		0,		3930,		0,		0,		0,		16,		0,		0,		0,		2794,		16,		0.1241,		
29.224350,		1.006548,		0,		0,		0,		-nan,		0,		inf,		-inf,		0,		-nan,		inf,		-inf,		0,		0,		0,		0,		0,		0,		0.6313,		0.1818,		24500,		0,		0,		0,		3930,		0,		0,		0,		16,		0,		0,		0,		2805,		16,		0.1242,		
30.230637,		1.006194,		0,		0,		0,		-nan,		0,		inf,		-inf,		0,		-nan,		inf,		-inf,		0,		0,		0,		0,		0,		0,		0.6371,		0.1835,		24500,		0,		0,		0,		3930,		0,		0,		0,		16,		0,		0,		0,		2823,		16,		0,		
Maximum runtime reached. Exiting.
