Experiment id: 1475b955-73a9-47fc-8dc2-d166d2c87608
Performance Test Version: 57791ae
Logfile name: 
Communication mean: ROS2
RMW Implementation: rmw_cyclonedds_cpp
DDS domain id: 0
QOS: Reliability: RELIABLE Durability: VOLATILE History kind: KEEP_LAST History depth: 10 Sync. pub/sub: 0
Publishing rate: 100
Topic name: Array60k
Maximum runtime (sec): 30
Number of publishers: 0
Number of subscribers: 1
Memory check enabled: 0
Use single participant: 0
With security: 0
Roundtrip Mode: NONE
Ignore seconds from beginning: 1

---EXPERIMENT-START---
T_experiment,	T_loop,	received,	sent,	lost,	relative_loss,	data_received,	latency_min (ms),	latency_max (ms),	latency_mean (ms),	latency_variance (ms),	pub_loop_res_min (ms),	pub_loop_res_max (ms),	pub_loop_res_mean (ms),	pub_loop_res_variance (ms),	sub_loop_res_min (ms),	sub_loop_res_max (ms),	sub_loop_res_mean (ms),	sub_loop_res_variance (ms),	ru_utime,	ru_stime,	ru_maxrss,	ru_ixrss,	ru_idrss,	ru_isrss,	ru_minflt,	ru_majflt,	ru_nswap,	ru_inblock,	ru_oublock,	ru_msgsnd,	ru_msgrcv,	ru_nsignals,	ru_nvcsw,	ru_nivcsw,	cpu_usage (%),	
2.004164,		1.001710,		80,		0,		0,		-nan,		4967433,		-7.366e+08,		-7.366e+08,		-7.366e+08,		7.788,		inf,		-inf,		0,		0,		0,		0,		0,		0,		0.07642,		0.04776,		23668,		0,		0,		0,		3682,		0,		0,		0,		8,		0,		0,		0,		432,		2,		0.6239,		
3.007828,		1.003405,		114,		0,		0,		-nan,		7050578,		-7.366e+08,		-7.366e+08,		-7.366e+08,		2.141,		inf,		-inf,		0,		0,		0,		0,		0,		0,		0.114,		0.07932,		23668,		0,		0,		0,		3682,		0,		0,		0,		8,		0,		0,		0,		697,		3,		0.8718,		
4.012689,		1.004630,		86,		0,		0,		-nan,		5327191,		-7.366e+08,		-7.366e+08,		-7.366e+08,		5.048,		inf,		-inf,		0,		0,		0,		0,		0,		0,		0.1468,		0.106,		23668,		0,		0,		0,		3682,		0,		0,		0,		8,		0,		0,		0,		916,		3,		0.7464,		
5.028355,		1.015441,		73,		0,		0,		-nan,		4525981,		-7.366e+08,		-7.366e+08,		-7.366e+08,		11.48,		inf,		-inf,		0,		0,		0,		0,		0,		0,		0.1935,		0.1178,		23668,		0,		0,		0,		3682,		0,		0,		0,		8,		0,		0,		0,		1100,		3,		0.7384,		
6.028758,		1.000317,		72,		0,		0,		-nan,		4479658,		-7.366e+08,		-7.366e+08,		-7.366e+08,		5.98,		inf,		-inf,		0,		0,		0,		0,		0,		0,		0.218,		0.1368,		23668,		0,		0,		0,		3682,		0,		0,		0,		8,		0,		0,		0,		1275,		3,		0.4998,		
7.035705,		1.006678,		94,		0,		2,		inf,		5832999,		-7.366e+08,		-7.366e+08,		-7.366e+08,		4.418,		inf,		-inf,		0,		0,		0,		0,		0,		0,		0.251,		0.1658,		23668,		0,		0,		0,		3682,		0,		0,		0,		8,		0,		0,		0,		1497,		3,		0.869,		
8.042500,		1.006701,		96,		0,		5,		inf,		5923082,		-7.366e+08,		-7.366e+08,		-7.366e+08,		1.19,		inf,		-inf,		0,		0,		0,		0,		0,		0,		0.2962,		0.184,		23668,		0,		0,		0,		3713,		0,		0,		0,		8,		0,		0,		0,		1729,		3,		0.7449,		
9.045562,		1.002959,		98,		0,		2,		inf,		6043349,		-7.366e+08,		-7.366e+08,		-7.366e+08,		0.2033,		inf,		-inf,		0,		0,		0,		0,		0,		0,		0.3272,		0.2241,		23668,		0,		0,		0,		3714,		0,		0,		0,		8,		0,		0,		0,		2009,		3,		0.8723,		
10.051599,		1.005805,		91,		0,		2,		inf,		5633450,		-7.366e+08,		-7.366e+08,		-7.366e+08,		2.341,		inf,		-inf,		0,		0,		0,		0,		0,		0,		0.3734,		0.2351,		23932,		0,		0,		0,		3730,		0,		0,		0,		8,		0,		0,		0,		2215,		3,		0.7455,		
11.055306,		1.003612,		86,		0,		3,		inf,		5317433,		-7.366e+08,		-7.366e+08,		-7.366e+08,		1.429,		inf,		-inf,		0,		0,		0,		0,		0,		0,		0.423,		0.2404,		23932,		0,		0,		0,		3730,		0,		0,		0,		8,		0,		0,		0,		2435,		4,		0.7472,		
12.068924,		1.013381,		110,		0,		8,		inf,		6795173,		-7.366e+08,		-7.366e+08,		-7.366e+08,		5.49,		inf,		-inf,		0,		0,		0,		0,		0,		0,		0.4893,		0.2536,		23932,		0,		0,		0,		3731,		0,		0,		0,		8,		0,		0,		0,		2682,		4,		0.8633,		
13.070215,		1.001197,		93,		0,		0,		-nan,		5758754,		-7.366e+08,		-7.366e+08,		-7.366e+08,		1.299,		inf,		-inf,		0,		0,		0,		0,		0,		0,		0.5421,		0.26,		23932,		0,		0,		0,		3731,		0,		0,		0,		8,		0,		0,		0,		2911,		5,		0.749,		
14.073289,		1.002813,		80,		0,		4,		inf,		4972605,		-7.366e+08,		-7.366e+08,		-7.366e+08,		6.333,		inf,		-inf,		0,		0,		0,		0,		0,		0,		0.5747,		0.2741,		23932,		0,		0,		0,		3731,		0,		0,		0,		8,		0,		0,		0,		3102,		5,		0.6231,		
15.073566,		1.000184,		79,		0,		20,		inf,		4902395,		-7.366e+08,		-7.366e+08,		-7.366e+08,		3.697,		inf,		-inf,		0,		0,		0,		0,		0,		0,		0.6105,		0.2873,		23932,		0,		0,		0,		3761,		0,		0,		0,		8,		0,		0,		0,		3313,		5,		0.6248,		
16.079613,		1.005756,		92,		0,		22,		inf,		5710617,		-7.366e+08,		-7.366e+08,		-7.366e+08,		4.566,		inf,		-inf,		0,		0,		0,		0,		0,		0,		0.6506,		0.3142,		23932,		0,		0,		0,		3761,		0,		0,		0,		16,		0,		0,		0,		3546,		5,		0.8698,		
17.099756,		1.020048,		98,		0,		0,		-nan,		6049172,		-7.366e+08,		-7.366e+08,		-7.366e+08,		1.413,		inf,		-inf,		0,		0,		0,		0,		0,		0,		0.7092,		0.3366,		23932,		0,		0,		0,		3761,		0,		0,		0,		16,		0,		0,		0,		3805,		5,		0.8577,		
18.112473,		1.012630,		86,		0,		7,		inf,		5301328,		-7.366e+08,		-7.366e+08,		-7.366e+08,		1.001,		inf,		-inf,		0,		0,		0,		0,		0,		0,		0.752,		0.3606,		23932,		0,		0,		0,		3761,		0,		0,		0,		16,		0,		0,		0,		4034,		5,		0.9874,		
19.120584,		1.008019,		107,		0,		6,		inf,		6614129,		-7.366e+08,		-7.366e+08,		-7.366e+08,		2.548,		inf,		-inf,		0,		0,		0,		0,		0,		0,		0.8032,		0.3748,		23932,		0,		0,		0,		3761,		0,		0,		0,		16,		0,		0,		0,		4277,		5,		0.744,		
20.123306,		1.002630,		110,		0,		0,		-nan,		6766511,		-7.366e+08,		-7.366e+08,		-7.366e+08,		0.8901,		inf,		-inf,		0,		0,		0,		0,		0,		0,		0.8346,		0.4106,		23932,		0,		0,		0,		3761,		0,		0,		0,		16,		0,		0,		0,		4551,		5,		0.8726,		
21.137083,		1.013550,		105,		0,		0,		-nan,		6497244,		-7.366e+08,		-7.366e+08,		-7.366e+08,		2.691,		inf,		-inf,		0,		0,		0,		0,		0,		0,		0.889,		0.431,		23932,		0,		0,		0,		3761,		0,		0,		0,		16,		0,		0,		0,		4802,		5,		0.8631,		
22.138374,		1.001189,		73,		0,		0,		-nan,		4546115,		-7.366e+08,		-7.366e+08,		-7.366e+08,		3.705,		inf,		-inf,		0,		0,		0,		0,		0,		0,		0.916,		0.4492,		23932,		0,		0,		0,		3761,		0,		0,		0,		16,		0,		0,		0,		4986,		5,		0.4994,		
23.140526,		1.001918,		99,		0,		0,		-nan,		6139815,		-7.366e+08,		-7.366e+08,		-7.366e+08,		2.193,		inf,		-inf,		0,		0,		0,		0,		0,		0,		0.9584,		0.4683,		23932,		0,		0,		0,		3761,		0,		0,		0,		16,		0,		0,		0,		5223,		6,		0.7484,		
24.143150,		1.002387,		107,		0,		13,		inf,		6622435,		-7.366e+08,		-7.366e+08,		-7.366e+08,		11.13,		inf,		-inf,		0,		0,		0,		0,		0,		0,		0.9953,		0.4976,		23932,		0,		0,		0,		3762,		0,		0,		0,		16,		0,		0,		0,		5494,		6,		0.8727,		
25.158592,		1.015225,		89,		0,		0,		-nan,		5513935,		-7.366e+08,		-7.366e+08,		-7.366e+08,		25.32,		inf,		-inf,		0,		0,		0,		0,		0,		0,		1.057,		0.5089,		23932,		0,		0,		0,		3762,		0,		0,		0,		16,		0,		0,		0,		5738,		8,		0.8617,		
26.163433,		1.004755,		77,		0,		0,		-nan,		4784323,		-7.366e+08,		-7.366e+08,		-7.366e+08,		0.4923,		inf,		-inf,		0,		0,		0,		0,		0,		0,		1.091,		0.5258,		23932,		0,		0,		0,		3762,		0,		0,		0,		16,		0,		0,		0,		5939,		8,		0.7464,		
27.191696,		1.028038,		85,		0,		0,		-nan,		5257429,		-7.366e+08,		-7.366e+08,		-7.366e+08,		0.3398,		inf,		-inf,		0,		0,		0,		0,		0,		0,		1.157,		0.5382,		23932,		0,		0,		0,		3762,		0,		0,		0,		16,		0,		0,		0,		6154,		8,		0.851,		
28.232130,		1.040358,		91,		0,		0,		-nan,		5619574,		-7.366e+08,		-7.366e+08,		-7.366e+08,		0.4564,		inf,		-inf,		0,		0,		0,		0,		0,		0,		1.241,		0.5459,		23932,		0,		0,		0,		3762,		0,		0,		0,		16,		0,		0,		0,		6418,		8,		1.201,		
29.233355,		1.001147,		92,		0,		0,		-nan,		5669105,		-7.366e+08,		-7.366e+08,		-7.366e+08,		0.9533,		inf,		-inf,		0,		0,		0,		0,		0,		0,		1.27,		0.5695,		23932,		0,		0,		0,		3762,		0,		0,		0,		16,		0,		0,		0,		6733,		8,		0.4994,		
30.259029,		1.025432,		101,		0,		0,		-nan,		6259077,		-7.366e+08,		-7.366e+08,		-7.366e+08,		1.773,		inf,		-inf,		0,		0,		0,		0,		0,		0,		1.351,		0.5783,		23932,		0,		0,		0,		3763,		0,		0,		0,		16,		0,		0,		0,		7111,		11,		1.219,		
Maximum runtime reached. Exiting.
