Experiment id: a05417e6-8480-483e-86b3-e868b68bea6e
Performance Test Version: 57791ae
Logfile name: 
Communication mean: ROS2
RMW Implementation: rmw_cyclonedds_cpp
DDS domain id: 0
QOS: Reliability: RELIABLE Durability: VOLATILE History kind: KEEP_LAST History depth: 10 Sync. pub/sub: 0
Publishing rate: 100
Topic name: Array60k
Maximum runtime (sec): 30
Number of publishers: 0
Number of subscribers: 1
Memory check enabled: 0
Use single participant: 0
With security: 0
Roundtrip Mode: NONE
Ignore seconds from beginning: 1

---EXPERIMENT-START---
T_experiment,	T_loop,	received,	sent,	lost,	relative_loss,	data_received,	latency_min (ms),	latency_max (ms),	latency_mean (ms),	latency_variance (ms),	pub_loop_res_min (ms),	pub_loop_res_max (ms),	pub_loop_res_mean (ms),	pub_loop_res_variance (ms),	sub_loop_res_min (ms),	sub_loop_res_max (ms),	sub_loop_res_mean (ms),	sub_loop_res_variance (ms),	ru_utime,	ru_stime,	ru_maxrss,	ru_ixrss,	ru_idrss,	ru_isrss,	ru_minflt,	ru_majflt,	ru_nswap,	ru_inblock,	ru_oublock,	ru_msgsnd,	ru_msgrcv,	ru_nsignals,	ru_nvcsw,	ru_nivcsw,	cpu_usage (%),	
2.009300,		1.007026,		75,		0,		0,		-nan,		4662650,		-7.366e+08,		-7.366e+08,		-7.366e+08,		4.273,		inf,		-inf,		0,		0,		0,		0,		0,		0,		0.07352,		0.04201,		23588,		0,		0,		0,		3676,		0,		0,		0,		8,		0,		0,		0,		398,		0,		0.6206,		
3.012532,		1.003127,		80,		0,		0,		-nan,		4940729,		-7.366e+08,		-7.366e+08,		-7.366e+08,		5.708,		inf,		-inf,		0,		0,		0,		0,		0,		0,		0.101,		0.06424,		23852,		0,		0,		0,		3692,		0,		0,		0,		8,		0,		0,		0,		585,		1,		0.623,		
4.013734,		1.000965,		91,		0,		0,		-nan,		5634838,		-7.366e+08,		-7.366e+08,		-7.366e+08,		1.105,		inf,		-inf,		0,		0,		0,		0,		0,		0,		0.1311,		0.09079,		24644,		0,		0,		0,		3903,		0,		0,		0,		8,		0,		0,		0,		801,		1,		0.7491,		
5.015018,		1.001044,		105,		0,		0,		-nan,		6506832,		-7.366e+08,		-7.366e+08,		-7.366e+08,		1.7,		inf,		-inf,		0,		0,		0,		0,		0,		0,		0.169,		0.1193,		24644,		0,		0,		0,		3903,		0,		0,		0,		8,		0,		0,		0,		1050,		3,		0.6242,		
6.015359,		1.000088,		115,		0,		0,		-nan,		7122682,		-7.366e+08,		-7.366e+08,		-7.366e+08,		2.046,		inf,		-inf,		0,		0,		0,		0,		0,		0,		0.2184,		0.1439,		24644,		0,		0,		0,		3903,		0,		0,		0,		8,		0,		0,		0,		1310,		3,		0.9997,		
7.018215,		1.002619,		105,		0,		0,		-nan,		6509824,		-7.366e+08,		-7.366e+08,		-7.366e+08,		6.373,		inf,		-inf,		0,		0,		0,		0,		0,		0,		0.2636,		0.1614,		24644,		0,		0,		0,		3903,		0,		0,		0,		8,		0,		0,		0,		1555,		4,		0.8725,		
8.032951,		1.014502,		113,		0,		0,		-nan,		6988598,		-7.366e+08,		-7.366e+08,		-7.366e+08,		0.7879,		inf,		-inf,		0,		0,		0,		0,		0,		0,		0.3262,		0.1806,		24644,		0,		0,		0,		3903,		0,		0,		0,		8,		0,		0,		0,		1801,		5,		0.9855,		
9.044179,		1.011145,		105,		0,		0,		-nan,		6480527,		-7.366e+08,		-7.366e+08,		-7.366e+08,		0.5967,		inf,		-inf,		0,		0,		0,		0,		0,		0,		0.3844,		0.1971,		24644,		0,		0,		0,		3903,		0,		0,		0,		8,		0,		0,		0,		2058,		5,		0.8653,		
10.059379,		1.015115,		109,		0,		0,		-nan,		6743658,		-7.366e+08,		-7.366e+08,		-7.366e+08,		0.5283,		inf,		-inf,		0,		0,		0,		0,		0,		0,		0.4435,		0.2143,		24644,		0,		0,		0,		3903,		0,		0,		0,		8,		0,		0,		0,		2308,		5,		0.985,		
11.062453,		1.002989,		103,		0,		0,		-nan,		6357642,		-7.366e+08,		-7.366e+08,		-7.366e+08,		0.4539,		inf,		-inf,		0,		0,		0,		0,		0,		0,		0.4915,		0.2284,		24644,		0,		0,		0,		3903,		0,		0,		0,		8,		0,		0,		0,		2548,		6,		0.7477,		
12.096251,		1.033557,		103,		0,		0,		-nan,		6372079,		-7.366e+08,		-7.366e+08,		-7.366e+08,		0.241,		inf,		-inf,		0,		0,		0,		0,		0,		0,		0.5703,		0.2501,		24644,		0,		0,		0,		3903,		0,		0,		0,		8,		0,		0,		0,		2794,		6,		1.33,		
13.117110,		1.020784,		84,		0,		0,		-nan,		5170418,		-7.366e+08,		-7.366e+08,		-7.366e+08,		0.5558,		inf,		-inf,		0,		0,		0,		0,		0,		0,		0.6189,		0.2702,		24644,		0,		0,		0,		3903,		0,		0,		0,		8,		0,		0,		0,		3008,		6,		0.7347,		
14.124557,		1.007365,		83,		0,		0,		-nan,		5117218,		-7.366e+08,		-7.366e+08,		-7.366e+08,		4.637,		inf,		-inf,		0,		0,		0,		0,		0,		0,		0.6543,		0.2887,		24644,		0,		0,		0,		3903,		0,		0,		0,		8,		0,		0,		0,		3211,		6,		0.6204,		
15.140590,		1.015942,		100,		0,		0,		-nan,		6160925,		-7.366e+08,		-7.366e+08,		-7.366e+08,		0.3456,		inf,		-inf,		0,		0,		0,		0,		0,		0,		0.7166,		0.2994,		24644,		0,		0,		0,		3903,		0,		0,		0,		8,		0,		0,		0,		3446,		6,		0.8612,		
16.149517,		1.008827,		93,		0,		0,		-nan,		5746054,		-7.366e+08,		-7.366e+08,		-7.366e+08,		0.8315,		inf,		-inf,		0,		0,		0,		0,		0,		0,		0.7645,		0.3128,		24644,		0,		0,		0,		3903,		0,		0,		0,		16,		0,		0,		0,		3676,		6,		0.8673,		
17.154209,		1.004605,		100,		0,		0,		-nan,		6152075,		-7.366e+08,		-7.366e+08,		-7.366e+08,		1.613,		inf,		-inf,		0,		0,		0,		0,		0,		0,		0.8089,		0.3334,		24644,		0,		0,		0,		3903,		0,		0,		0,		16,		0,		0,		0,		3920,		7,		0.7465,		
18.157124,		1.002818,		92,		0,		0,		-nan,		5690697,		-7.366e+08,		-7.366e+08,		-7.366e+08,		0.6067,		inf,		-inf,		0,		0,		0,		0,		0,		0,		0.8453,		0.3559,		24644,		0,		0,		0,		3903,		0,		0,		0,		16,		0,		0,		0,		4134,		7,		0.7478,		
19.158472,		1.001117,		100,		0,		0,		-nan,		6186111,		-7.366e+08,		-7.366e+08,		-7.366e+08,		0.1433,		inf,		-inf,		0,		0,		0,		0,		0,		0,		0.9007,		0.366,		24644,		0,		0,		0,		3903,		0,		0,		0,		16,		0,		0,		0,		4369,		8,		0.8738,		
20.160809,		1.002079,		100,		0,		0,		-nan,		6200965,		-7.366e+08,		-7.366e+08,		-7.366e+08,		0.1286,		inf,		-inf,		0,		0,		0,		0,		0,		0,		0.9481,		0.3841,		24644,		0,		0,		0,		3903,		0,		0,		0,		16,		0,		0,		0,		4599,		8,		0.7483,		
21.251116,		1.090080,		99,		0,		0,		-nan,		6129078,		-7.366e+08,		-7.366e+08,		-7.366e+08,		0.2974,		inf,		-inf,		0,		0,		0,		0,		0,		0,		1.079,		0.3994,		24644,		0,		0,		0,		3903,		0,		0,		0,		16,		0,		0,		0,		4842,		9,		1.605,		
22.254459,		1.003268,		103,		0,		3,		inf,		6372398,		-7.366e+08,		-7.366e+08,		-7.366e+08,		2.783,		inf,		-inf,		0,		0,		0,		0,		0,		0,		1.121,		0.4191,		24644,		0,		0,		0,		3904,		0,		0,		0,		16,		0,		0,		0,		5086,		9,		0.8721,		
23.255451,		1.000765,		101,		0,		0,		-nan,		6246350,		-7.366e+08,		-7.366e+08,		-7.366e+08,		0.1131,		inf,		-inf,		0,		0,		0,		0,		0,		0,		1.169,		0.4364,		24644,		0,		0,		0,		3904,		0,		0,		0,		16,		0,		0,		0,		5315,		10,		0.7493,		
24.260712,		1.004985,		97,		0,		0,		-nan,		6014764,		-7.366e+08,		-7.366e+08,		-7.366e+08,		0.2396,		inf,		-inf,		0,		0,		0,		0,		0,		0,		1.214,		0.4547,		24644,		0,		0,		0,		3905,		0,		0,		0,		16,		0,		0,		0,		5540,		11,		0.8704,		
25.262157,		1.001353,		55,		0,		0,		-nan,		3423995,		-7.366e+08,		-7.366e+08,		-7.366e+08,		24.68,		inf,		-inf,		0,		0,		0,		0,		0,		0,		1.233,		0.4714,		24644,		0,		0,		0,		3905,		0,		0,		0,		16,		0,		0,		0,		5687,		11,		0.4993,		
26.286186,		1.023802,		88,		0,		0,		-nan,		5463233,		-7.366e+08,		-7.366e+08,		-7.366e+08,		1.597,		inf,		-inf,		0,		0,		0,		0,		0,		0,		1.284,		0.4964,		24644,		0,		0,		0,		3905,		0,		0,		0,		16,		0,		0,		0,		5890,		11,		0.8545,		
27.314629,		1.028363,		69,		0,		10,		inf,		4261156,		-7.366e+08,		-7.366e+08,		-7.366e+08,		13.95,		inf,		-inf,		0,		0,		0,		0,		0,		0,		1.327,		0.5183,		24644,		0,		0,		0,		3905,		0,		0,		0,		16,		0,		0,		0,		6053,		11,		0.7293,		
28.337559,		1.022853,		69,		0,		1,		inf,		4243046,		-7.366e+08,		-7.366e+08,		-7.366e+08,		2.447,		inf,		-inf,		0,		0,		0,		0,		0,		0,		1.382,		0.5273,		24644,		0,		0,		0,		3905,		0,		0,		0,		16,		0,		0,		0,		6232,		12,		0.8554,		
29.363323,		1.025684,		64,		0,		63,		inf,		3963635,		-7.366e+08,		-7.366e+08,		-7.366e+08,		5.792,		inf,		-inf,		0,		0,		0,		0,		0,		0,		1.432,		0.5481,		24644,		0,		0,		0,		3905,		0,		0,		0,		16,		0,		0,		0,		6441,		12,		0.853,		
30.367178,		1.003775,		132,		0,		37,		inf,		8151205,		-7.366e+08,		-7.366e+08,		-7.366e+08,		28.63,		inf,		-inf,		0,		0,		0,		0,		0,		0,		1.474,		0.5951,		24644,		0,		0,		0,		3905,		0,		0,		0,		16,		0,		0,		0,		6796,		14,		1.121,		
Maximum runtime reached. Exiting.
