Experiment id: abb5e0d5-235a-4e26-be4c-87ac4c66e05f
Performance Test Version: 57791ae
Logfile name: 
Communication mean: ROS2
RMW Implementation: rmw_cyclonedds_cpp
DDS domain id: 0
QOS: Reliability: RELIABLE Durability: VOLATILE History kind: KEEP_LAST History depth: 10 Sync. pub/sub: 0
Publishing rate: 80
Topic name: Array60k
Maximum runtime (sec): 30
Number of publishers: 0
Number of subscribers: 1
Memory check enabled: 0
Use single participant: 0
With security: 0
Roundtrip Mode: NONE
Ignore seconds from beginning: 1

---EXPERIMENT-START---
T_experiment,	T_loop,	received,	sent,	lost,	relative_loss,	data_received,	latency_min (ms),	latency_max (ms),	latency_mean (ms),	latency_variance (ms),	pub_loop_res_min (ms),	pub_loop_res_max (ms),	pub_loop_res_mean (ms),	pub_loop_res_variance (ms),	sub_loop_res_min (ms),	sub_loop_res_max (ms),	sub_loop_res_mean (ms),	sub_loop_res_variance (ms),	ru_utime,	ru_stime,	ru_maxrss,	ru_ixrss,	ru_idrss,	ru_isrss,	ru_minflt,	ru_majflt,	ru_nswap,	ru_inblock,	ru_oublock,	ru_msgsnd,	ru_msgrcv,	ru_nsignals,	ru_nvcsw,	ru_nivcsw,	cpu_usage (%),	
2.026262,		1.014583,		85,		0,		0,		-nan,		5224229,		-7.366e+08,		-7.366e+08,		-7.366e+08,		0.2514,		inf,		-inf,		0,		0,		0,		0,		0,		0,		0.06548,		0.01541,		24708,		0,		0,		0,		3927,		0,		0,		0,		8,		0,		0,		0,		486,		2,		0.4928,		
3.031969,		1.005603,		79,		0,		0,		-nan,		4905884,		-7.366e+08,		-7.366e+08,		-7.366e+08,		0.05691,		inf,		-inf,		0,		0,		0,		0,		0,		0,		0.0831,		0.02078,		24708,		0,		0,		0,		3927,		0,		0,		0,		8,		0,		0,		0,		722,		2,		0.3729,		
4.044014,		1.011959,		78,		0,		0,		-nan,		4827589,		-7.366e+08,		-7.366e+08,		-7.366e+08,		0.0236,		inf,		-inf,		0,		0,		0,		0,		0,		0,		0.1102,		0.02296,		24708,		0,		0,		0,		3927,		0,		0,		0,		8,		0,		0,		0,		957,		3,		0.3705,		
5.058363,		1.014274,		82,		0,		0,		-nan,		5040162,		-7.366e+08,		-7.366e+08,		-7.366e+08,		0.1105,		inf,		-inf,		0,		0,		0,		0,		0,		0,		0.1408,		0.02347,		24708,		0,		0,		0,		3927,		0,		0,		0,		8,		0,		0,		0,		1196,		3,		0.3697,		
6.066007,		1.007555,		79,		0,		0,		-nan,		4907431,		-7.366e+08,		-7.366e+08,		-7.366e+08,		0.04369,		inf,		-inf,		0,		0,		0,		0,		0,		0,		0.1597,		0.02994,		24708,		0,		0,		0,		3927,		0,		0,		0,		8,		0,		0,		0,		1426,		3,		0.1241,		
7.078129,		1.012033,		80,		0,		0,		-nan,		4940212,		-7.366e+08,		-7.366e+08,		-7.366e+08,		0.01297,		inf,		-inf,		0,		0,		0,		0,		0,		0,		0.1851,		0.03502,		24708,		0,		0,		0,		3927,		0,		0,		0,		8,		0,		0,		0,		1668,		3,		0.494,		
8.080945,		1.002743,		73,		0,		0,		-nan,		4493322,		-7.366e+08,		-7.366e+08,		-7.366e+08,		0.7449,		inf,		-inf,		0,		0,		0,		0,		0,		0,		0.1992,		0.04087,		24708,		0,		0,		0,		3927,		0,		0,		0,		8,		0,		0,		0,		1868,		3,		0.2493,		
9.088643,		1.007612,		85,		0,		0,		-nan,		5270322,		-7.366e+08,		-7.366e+08,		-7.366e+08,		0.294,		inf,		-inf,		0,		0,		0,		0,		0,		0,		0.2248,		0.04282,		24708,		0,		0,		0,		3927,		0,		0,		0,		8,		0,		0,		0,		2111,		3,		0.3721,		
10.091730,		1.003003,		79,		0,		0,		-nan,		4878918,		-7.366e+08,		-7.366e+08,		-7.366e+08,		0.04666,		inf,		-inf,		0,		0,		0,		0,		0,		0,		0.236,		0.05363,		24708,		0,		0,		0,		3927,		0,		0,		0,		8,		0,		0,		0,		2352,		4,		0.2492,		
11.110932,		1.019115,		80,		0,		0,		-nan,		4962570,		-7.366e+08,		-7.366e+08,		-7.366e+08,		0.03069,		inf,		-inf,		0,		0,		0,		0,		0,		0,		0.2685,		0.05679,		24708,		0,		0,		0,		3927,		0,		0,		0,		8,		0,		0,		0,		2592,		4,		0.3679,		
12.129371,		1.018355,		80,		0,		0,		-nan,		4944474,		-7.366e+08,		-7.366e+08,		-7.366e+08,		0.05152,		inf,		-inf,		0,		0,		0,		0,		0,		0,		0.2963,		0.06641,		24708,		0,		0,		0,		3927,		0,		0,		0,		8,		0,		0,		0,		2833,		4,		0.491,		
13.169312,		1.039862,		79,		0,		0,		-nan,		4887776,		-7.366e+08,		-7.366e+08,		-7.366e+08,		0.05272,		inf,		-inf,		0,		0,		0,		0,		0,		0,		0.3523,		0.06735,		24708,		0,		0,		0,		3927,		0,		0,		0,		8,		0,		0,		0,		3064,		5,		0.7212,		
14.174290,		1.004880,		79,		0,		0,		-nan,		4904909,		-7.366e+08,		-7.366e+08,		-7.366e+08,		0.3286,		inf,		-inf,		0,		0,		0,		0,		0,		0,		0.3588,		0.082,		24708,		0,		0,		0,		3927,		0,		0,		0,		8,		0,		0,		0,		3280,		5,		0.2488,		
15.180699,		1.006305,		80,		0,		0,		-nan,		4953463,		-7.366e+08,		-7.366e+08,		-7.366e+08,		0.2083,		inf,		-inf,		0,		0,		0,		0,		0,		0,		0.382,		0.082,		24708,		0,		0,		0,		3927,		0,		0,		0,		16,		0,		0,		0,		3508,		5,		0.3726,		
16.192350,		1.011565,		80,		0,		0,		-nan,		4946155,		-7.366e+08,		-7.366e+08,		-7.366e+08,		0.1995,		inf,		-inf,		0,		0,		0,		0,		0,		0,		0.4034,		0.08364,		24708,		0,		0,		0,		3927,		0,		0,		0,		16,		0,		0,		0,		3877,		6,		0.2471,		
17.197109,		1.004683,		79,		0,		0,		-nan,		4859838,		-7.366e+08,		-7.366e+08,		-7.366e+08,		0.05593,		inf,		-inf,		0,		0,		0,		0,		0,		0,		0.4207,		0.08364,		24708,		0,		0,		0,		3927,		0,		0,		0,		16,		0,		0,		0,		4226,		6,		0.2488,		
18.212597,		1.015415,		80,		0,		0,		-nan,		4954462,		-7.366e+08,		-7.366e+08,		-7.366e+08,		0.1306,		inf,		-inf,		0,		0,		0,		0,		0,		0,		0.4501,		0.08618,		24708,		0,		0,		0,		3927,		0,		0,		0,		16,		0,		0,		0,		4468,		6,		0.2462,		
19.218393,		1.005709,		79,		0,		0,		-nan,		4901909,		-7.366e+08,		-7.366e+08,		-7.366e+08,		0.03412,		inf,		-inf,		0,		0,		0,		0,		0,		0,		0.4674,		0.09155,		24708,		0,		0,		0,		3927,		0,		0,		0,		16,		0,		0,		0,		4690,		6,		0.3728,		
20.219448,		1.000981,		79,		0,		0,		-nan,		4888155,		-7.366e+08,		-7.366e+08,		-7.366e+08,		0.02392,		inf,		-inf,		0,		0,		0,		0,		0,		0,		0.4785,		0.09766,		24708,		0,		0,		0,		3927,		0,		0,		0,		16,		0,		0,		0,		4912,		6,		0.1249,		
21.219797,		1.000280,		79,		0,		0,		-nan,		4911358,		-7.366e+08,		-7.366e+08,		-7.366e+08,		0.037,		inf,		-inf,		0,		0,		0,		0,		0,		0,		0.4843,		0.1087,		24708,		0,		0,		0,		3927,		0,		0,		0,		16,		0,		0,		0,		5135,		6,		0.2499,		
22.231430,		1.011539,		80,		0,		0,		-nan,		4976012,		-7.366e+08,		-7.366e+08,		-7.366e+08,		0.05623,		inf,		-inf,		0,		0,		0,		0,		0,		0,		0.5091,		0.1137,		24708,		0,		0,		0,		3927,		0,		0,		0,		16,		0,		0,		0,		5364,		7,		0.3707,		
23.233013,		1.001489,		79,		0,		0,		-nan,		4859990,		-7.366e+08,		-7.366e+08,		-7.366e+08,		0.06399,		inf,		-inf,		0,		0,		0,		0,		0,		0,		0.5254,		0.1162,		24708,		0,		0,		0,		3927,		0,		0,		0,		16,		0,		0,		0,		5605,		8,		0.2496,		
24.235346,		1.002230,		70,		0,		0,		-nan,		4356345,		-7.366e+08,		-7.366e+08,		-7.366e+08,		3.436,		inf,		-inf,		0,		0,		0,		0,		0,		0,		0.5335,		0.1246,		24708,		0,		0,		0,		3928,		0,		0,		0,		16,		0,		0,		0,		5807,		8,		0.2494,		
25.240322,		1.004866,		88,		0,		0,		-nan,		5457005,		-7.366e+08,		-7.366e+08,		-7.366e+08,		1.052,		inf,		-inf,		0,		0,		0,		0,		0,		0,		0.5467,		0.1354,		24708,		0,		0,		0,		3928,		0,		0,		0,		16,		0,		0,		0,		6062,		9,		0.2488,		
26.243217,		1.002812,		80,		0,		0,		-nan,		4953356,		-7.366e+08,		-7.366e+08,		-7.366e+08,		0.01107,		inf,		-inf,		0,		0,		0,		0,		0,		0,		0.5642,		0.1372,		24708,		0,		0,		0,		3928,		0,		0,		0,		16,		0,		0,		0,		6301,		10,		0.2493,		
27.254616,		1.011327,		80,		0,		0,		-nan,		4963553,		-7.366e+08,		-7.366e+08,		-7.366e+08,		0.2365,		inf,		-inf,		0,		0,		0,		0,		0,		0,		0.5911,		0.1376,		24708,		0,		0,		0,		3928,		0,		0,		0,		16,		0,		0,		0,		6528,		11,		0.3708,		
28.266344,		1.011635,		80,		0,		0,		-nan,		4921728,		-7.366e+08,		-7.366e+08,		-7.366e+08,		0.01029,		inf,		-inf,		0,		0,		0,		0,		0,		0,		0.6167,		0.1404,		24708,		0,		0,		0,		3928,		0,		0,		0,		16,		0,		0,		0,		6759,		11,		0.3707,		
29.317404,		1.050969,		78,		0,		0,		-nan,		4798838,		-7.366e+08,		-7.366e+08,		-7.366e+08,		0.06199,		inf,		-inf,		0,		0,		0,		0,		0,		0,		0.6826,		0.1416,		24708,		0,		0,		0,		3928,		0,		0,		0,		16,		0,		0,		0,		7001,		11,		0.8325,		
30.326801,		1.009317,		57,		0,		0,		-nan,		3508261,		-7.366e+08,		-7.366e+08,		-7.366e+08,		1.16,		inf,		-inf,		0,		0,		0,		0,		0,		0,		0.7048,		0.143,		24708,		0,		0,		0,		3930,		0,		0,		0,		16,		0,		0,		0,		7219,		11,		0.2477,		
Maximum runtime reached. Exiting.
