Experiment id: b00d41ab-582d-4266-b89c-bd5a7aa4bb46
Performance Test Version: 57791ae
Logfile name: 
Communication mean: ROS2
RMW Implementation: rmw_cyclonedds_cpp
DDS domain id: 0
QOS: Reliability: RELIABLE Durability: VOLATILE History kind: KEEP_LAST History depth: 10 Sync. pub/sub: 0
Publishing rate: 80
Topic name: Array60k
Maximum runtime (sec): 30
Number of publishers: 0
Number of subscribers: 1
Memory check enabled: 0
Use single participant: 0
With security: 0
Roundtrip Mode: NONE
Ignore seconds from beginning: 1

---EXPERIMENT-START---
T_experiment,	T_loop,	received,	sent,	lost,	relative_loss,	data_received,	latency_min (ms),	latency_max (ms),	latency_mean (ms),	latency_variance (ms),	pub_loop_res_min (ms),	pub_loop_res_max (ms),	pub_loop_res_mean (ms),	pub_loop_res_variance (ms),	sub_loop_res_min (ms),	sub_loop_res_max (ms),	sub_loop_res_mean (ms),	sub_loop_res_variance (ms),	ru_utime,	ru_stime,	ru_maxrss,	ru_ixrss,	ru_idrss,	ru_isrss,	ru_minflt,	ru_majflt,	ru_nswap,	ru_inblock,	ru_oublock,	ru_msgsnd,	ru_msgrcv,	ru_nsignals,	ru_nvcsw,	ru_nivcsw,	cpu_usage (%),	
2.003495,		1.001149,		0,		0,		0,		-nan,		0,		inf,		-inf,		0,		-nan,		inf,		-inf,		0,		0,		0,		0,		0,		0,		0.01865,		0.005477,		21932,		0,		0,		0,		2916,		0,		0,		0,		8,		0,		0,		0,		115,		0,		0,		
3.005367,		1.001764,		0,		0,		0,		-nan,		0,		inf,		-inf,		0,		-nan,		inf,		-inf,		0,		0,		0,		0,		0,		0,		0.02192,		0.00548,		21932,		0,		0,		0,		2917,		0,		0,		0,		8,		0,		0,		0,		133,		0,		0.1248,		
4.006971,		1.001389,		0,		0,		0,		-nan,		0,		inf,		-inf,		0,		-nan,		inf,		-inf,		0,		0,		0,		0,		0,		0,		0.02427,		0.006068,		21932,		0,		0,		0,		2917,		0,		0,		0,		8,		0,		0,		0,		152,		0,		0,		
5.008519,		1.001464,		0,		0,		0,		-nan,		0,		inf,		-inf,		0,		-nan,		inf,		-inf,		0,		0,		0,		0,		0,		0,		0.02693,		0.006068,		21932,		0,		0,		0,		2917,		0,		0,		0,		8,		0,		0,		0,		167,		0,		0,		
6.009973,		1.001257,		0,		0,		0,		-nan,		0,		inf,		-inf,		0,		-nan,		inf,		-inf,		0,		0,		0,		0,		0,		0,		0.02937,		0.006068,		21932,		0,		0,		0,		2918,		0,		0,		0,		16,		0,		0,		0,		181,		0,		0,		
7.011348,		1.001235,		0,		0,		0,		-nan,		0,		inf,		-inf,		0,		-nan,		inf,		-inf,		0,		0,		0,		0,		0,		0,		0.03183,		0.006068,		21932,		0,		0,		0,		2918,		0,		0,		0,		16,		0,		0,		0,		198,		0,		0.1248,		
8.012866,		1.001402,		0,		0,		0,		-nan,		0,		inf,		-inf,		0,		-nan,		inf,		-inf,		0,		0,		0,		0,		0,		0,		0.0344,		0.006068,		21932,		0,		0,		0,		2919,		0,		0,		0,		16,		0,		0,		0,		213,		0,		0,		
9.014326,		1.001352,		0,		0,		0,		-nan,		0,		inf,		-inf,		0,		-nan,		inf,		-inf,		0,		0,		0,		0,		0,		0,		0.03877,		0.006068,		21932,		0,		0,		0,		2920,		0,		0,		0,		16,		0,		0,		0,		256,		0,		0,		
10.015756,		1.001335,		0,		0,		0,		-nan,		0,		inf,		-inf,		0,		-nan,		inf,		-inf,		0,		0,		0,		0,		0,		0,		0.04157,		0.006068,		21932,		0,		0,		0,		2921,		0,		0,		0,		16,		0,		0,		0,		280,		0,		0.1248,		
11.017309,		1.001477,		0,		0,		0,		-nan,		0,		inf,		-inf,		0,		-nan,		inf,		-inf,		0,		0,		0,		0,		0,		0,		0.04385,		0.006068,		21932,		0,		0,		0,		2921,		0,		0,		0,		16,		0,		0,		0,		296,		0,		0,		
12.018785,		1.001377,		0,		0,		0,		-nan,		0,		inf,		-inf,		0,		-nan,		inf,		-inf,		0,		0,		0,		0,		0,		0,		0.04592,		0.006068,		21932,		0,		0,		0,		2921,		0,		0,		0,		16,		0,		0,		0,		308,		0,		0,		
13.020157,		1.001285,		0,		0,		0,		-nan,		0,		inf,		-inf,		0,		-nan,		inf,		-inf,		0,		0,		0,		0,		0,		0,		0.04791,		0.006068,		21932,		0,		0,		0,		2921,		0,		0,		0,		16,		0,		0,		0,		320,		0,		0,		
14.021328,		1.001073,		0,		0,		0,		-nan,		0,		inf,		-inf,		0,		-nan,		inf,		-inf,		0,		0,		0,		0,		0,		0,		0.04969,		0.006068,		21932,		0,		0,		0,		2921,		0,		0,		0,		16,		0,		0,		0,		332,		0,		0,		
15.022605,		1.001156,		0,		0,		0,		-nan,		0,		inf,		-inf,		0,		-nan,		inf,		-inf,		0,		0,		0,		0,		0,		0,		0.05165,		0.006068,		21932,		0,		0,		0,		2921,		0,		0,		0,		16,		0,		0,		0,		344,		0,		0.1248,		
16.024075,		1.001317,		0,		0,		0,		-nan,		0,		inf,		-inf,		0,		-nan,		inf,		-inf,		0,		0,		0,		0,		0,		0,		0.05368,		0.006068,		21932,		0,		0,		0,		2921,		0,		0,		0,		16,		0,		0,		0,		356,		0,		0,		
17.031641,		1.007465,		69,		0,		1290,		inf,		4296013,		-7.366e+08,		-7.366e+08,		-7.366e+08,		0.01748,		inf,		-inf,		0,		0,		0,		0,		0,		0,		0.0759,		0.01168,		23648,		0,		0,		0,		3645,		0,		0,		0,		16,		0,		0,		0,		617,		0,		0.3722,		
18.042528,		1.010755,		80,		0,		0,		-nan,		4940354,		-7.366e+08,		-7.366e+08,		-7.366e+08,		0.01063,		inf,		-inf,		0,		0,		0,		0,		0,		0,		0.1018,		0.01168,		23648,		0,		0,		0,		3646,		0,		0,		0,		24,		0,		0,		0,		973,		0,		0.371,		
19.043995,		1.001347,		79,		0,		0,		-nan,		4863656,		-7.366e+08,		-7.366e+08,		-7.366e+08,		0.0184,		inf,		-inf,		0,		0,		0,		0,		0,		0,		0.1205,		0.01205,		23648,		0,		0,		0,		3647,		0,		0,		0,		24,		0,		0,		0,		1293,		0,		0.2496,		
20.044210,		1.000104,		79,		0,		0,		-nan,		4909310,		-7.366e+08,		-7.366e+08,		-7.366e+08,		0.04321,		inf,		-inf,		0,		0,		0,		0,		0,		0,		0.1292,		0.01205,		23648,		0,		0,		0,		3647,		0,		0,		0,		24,		0,		0,		0,		1688,		0,		0,		
21.058306,		1.014006,		80,		0,		0,		-nan,		4976925,		-7.366e+08,		-7.366e+08,		-7.366e+08,		0.07739,		inf,		-inf,		0,		0,		0,		0,		0,		0,		0.1541,		0.01849,		24704,		0,		0,		0,		3886,		0,		0,		0,		24,		0,		0,		0,		1968,		6,		0.3698,		
22.068914,		1.010513,		75,		0,		0,		-nan,		4666162,		-7.366e+08,		-7.366e+08,		-7.366e+08,		0.3957,		inf,		-inf,		0,		0,		0,		0,		0,		0,		0.1803,		0.02404,		24704,		0,		0,		0,		3901,		0,		0,		0,		24,		0,		0,		0,		2220,		6,		0.4948,		
23.070011,		1.000993,		83,		0,		0,		-nan,		5108243,		-7.366e+08,		-7.366e+08,		-7.366e+08,		0.3019,		inf,		-inf,		0,		0,		0,		0,		0,		0,		0.1962,		0.03165,		24704,		0,		0,		0,		3918,		0,		0,		0,		24,		0,		0,		0,		2451,		6,		0.2497,		
24.080414,		1.010272,		80,		0,		0,		-nan,		4972175,		-7.366e+08,		-7.366e+08,		-7.366e+08,		0.1168,		inf,		-inf,		0,		0,		0,		0,		0,		0,		0.2203,		0.03887,		24704,		0,		0,		0,		3919,		0,		0,		0,		24,		0,		0,		0,		2701,		6,		0.3711,		
25.081602,		1.001078,		79,		0,		0,		-nan,		4865977,		-7.366e+08,		-7.366e+08,		-7.366e+08,		0.02563,		inf,		-inf,		0,		0,		0,		0,		0,		0,		0.2259,		0.05315,		24704,		0,		0,		0,		3919,		0,		0,		0,		24,		0,		0,		0,		2945,		6,		0.2497,		
26.084005,		1.002314,		79,		0,		0,		-nan,		4910943,		-7.366e+08,		-7.366e+08,		-7.366e+08,		0.1128,		inf,		-inf,		0,		0,		0,		0,		0,		0,		0.2463,		0.05474,		24704,		0,		0,		0,		3919,		0,		0,		0,		24,		0,		0,		0,		3193,		6,		0.2494,		
27.087387,		1.003306,		79,		0,		0,		-nan,		4904571,		-7.366e+08,		-7.366e+08,		-7.366e+08,		0.6676,		inf,		-inf,		0,		0,		0,		0,		0,		0,		0.2683,		0.05504,		24704,		0,		0,		0,		3919,		0,		0,		0,		24,		0,		0,		0,		3447,		6,		0.2492,		
28.093328,		1.005852,		80,		0,		0,		-nan,		4960993,		-7.366e+08,		-7.366e+08,		-7.366e+08,		0.01657,		inf,		-inf,		0,		0,		0,		0,		0,		0,		0.2917,		0.05692,		24704,		0,		0,		0,		3919,		0,		0,		0,		24,		0,		0,		0,		3711,		6,		0.3728,		
29.094641,		1.001221,		79,		0,		0,		-nan,		4887509,		-7.366e+08,		-7.366e+08,		-7.366e+08,		0.1879,		inf,		-inf,		0,		0,		0,		0,		0,		0,		0.3066,		0.06417,		24704,		0,		0,		0,		3919,		0,		0,		0,		24,		0,		0,		0,		3934,		6,		0.2497,		
30.139164,		1.044438,		74,		0,		0,		-nan,		4603174,		-7.366e+08,		-7.366e+08,		-7.366e+08,		0.2674,		inf,		-inf,		0,		0,		0,		0,		0,		0,		0.3688,		0.06417,		24704,		0,		0,		0,		3919,		0,		0,		0,		24,		0,		0,		0,		4172,		6,		0.718,		
Maximum runtime reached. Exiting.
