Experiment id: ecb28410-23ea-4bd5-b792-1189d569c16b
Performance Test Version: 57791ae
Logfile name: 
Communication mean: ROS2
RMW Implementation: rmw_cyclonedds_cpp
DDS domain id: 0
QOS: Reliability: RELIABLE Durability: VOLATILE History kind: KEEP_LAST History depth: 10 Sync. pub/sub: 0
Publishing rate: 80
Topic name: Array60k
Maximum runtime (sec): 30
Number of publishers: 0
Number of subscribers: 1
Memory check enabled: 0
Use single participant: 0
With security: 0
Roundtrip Mode: NONE
Ignore seconds from beginning: 1

---EXPERIMENT-START---
T_experiment,	T_loop,	received,	sent,	lost,	relative_loss,	data_received,	latency_min (ms),	latency_max (ms),	latency_mean (ms),	latency_variance (ms),	pub_loop_res_min (ms),	pub_loop_res_max (ms),	pub_loop_res_mean (ms),	pub_loop_res_variance (ms),	sub_loop_res_min (ms),	sub_loop_res_max (ms),	sub_loop_res_mean (ms),	sub_loop_res_variance (ms),	ru_utime,	ru_stime,	ru_maxrss,	ru_ixrss,	ru_idrss,	ru_isrss,	ru_minflt,	ru_majflt,	ru_nswap,	ru_inblock,	ru_oublock,	ru_msgsnd,	ru_msgrcv,	ru_nsignals,	ru_nvcsw,	ru_nivcsw,	cpu_usage (%),	
2.038366,		1.020440,		86,		0,		0,		-nan,		5312920,		-7.366e+08,		-7.366e+08,		-7.366e+08,		1.068,		inf,		-inf,		0,		0,		0,		0,		0,		0,		0.07745,		0.01554,		23704,		0,		0,		0,		3687,		0,		0,		0,		8,		0,		0,		0,		477,		0,		0.49,		
3.043960,		1.005494,		80,		0,		0,		-nan,		4938006,		-7.366e+08,		-7.366e+08,		-7.366e+08,		0.08963,		inf,		-inf,		0,		0,		0,		0,		0,		0,		0.1049,		0.01574,		23704,		0,		0,		0,		3687,		0,		0,		0,		8,		0,		0,		0,		713,		1,		0.3729,		
4.060410,		1.016372,		25,		0,		0,		-nan,		1588938,		-7.366e+08,		-7.366e+08,		-7.366e+08,		27.87,		inf,		-inf,		0,		0,		0,		0,		0,		0,		0.1288,		0.0161,		23704,		0,		0,		0,		3687,		0,		0,		0,		8,		0,		0,		0,		805,		1,		0.246,		
5.129634,		1.069094,		13,		0,		2,		inf,		846428,		-7.366e+08,		-7.366e+08,		-7.366e+08,		30.05,		inf,		-inf,		0,		0,		0,		0,		0,		0,		0.2023,		0.0161,		23704,		0,		0,		0,		3717,		0,		0,		0,		8,		0,		0,		0,		859,		3,		0.9353,		
6.131871,		1.002128,		99,		0,		37,		inf,		6092796,		-7.366e+08,		-7.366e+08,		-7.366e+08,		48.74,		inf,		-inf,		0,		0,		0,		0,		0,		0,		0.2154,		0.0281,		23968,		0,		0,		0,		3762,		0,		0,		0,		8,		0,		0,		0,		1117,		3,		0.2494,		
7.141320,		1.009360,		115,		0,		0,		-nan,		7113133,		-7.366e+08,		-7.366e+08,		-7.366e+08,		17.16,		inf,		-inf,		0,		0,		0,		0,		0,		0,		0.2447,		0.03359,		24496,		0,		0,		0,		3898,		0,		0,		0,		8,		0,		0,		0,		1396,		3,		0.4953,		
8.142153,		1.000730,		102,		0,		0,		-nan,		6270611,		-7.366e+08,		-7.366e+08,		-7.366e+08,		9.311,		inf,		-inf,		0,		0,		0,		0,		0,		0,		0.2605,		0.04509,		24496,		0,		0,		0,		3898,		0,		0,		0,		8,		0,		0,		0,		1676,		3,		0.3747,		
9.154407,		1.012148,		80,		0,		0,		-nan,		4973766,		-7.366e+08,		-7.366e+08,		-7.366e+08,		0.03759,		inf,		-inf,		0,		0,		0,		0,		0,		0,		0.2862,		0.05427,		24496,		0,		0,		0,		3898,		0,		0,		0,		8,		0,		0,		0,		1913,		3,		0.3705,		
10.167253,		1.012729,		77,		0,		0,		-nan,		4735513,		-7.366e+08,		-7.366e+08,		-7.366e+08,		0.2801,		inf,		-inf,		0,		0,		0,		0,		0,		0,		0.3192,		0.05574,		24496,		0,		0,		0,		3898,		0,		0,		0,		8,		0,		0,		0,		2149,		3,		0.3702,		
11.167590,		1.000247,		81,		0,		0,		-nan,		5036265,		-7.366e+08,		-7.366e+08,		-7.366e+08,		0.06998,		inf,		-inf,		0,		0,		0,		0,		0,		0,		0.3344,		0.0627,		24496,		0,		0,		0,		3898,		0,		0,		0,		8,		0,		0,		0,		2385,		3,		0.3749,		
12.173268,		1.005571,		79,		0,		0,		-nan,		4914660,		-7.366e+08,		-7.366e+08,		-7.366e+08,		0.7598,		inf,		-inf,		0,		0,		0,		0,		0,		0,		0.3607,		0.06274,		24496,		0,		0,		0,		3898,		0,		0,		0,		8,		0,		0,		0,		2616,		3,		0.3729,		
13.182986,		1.009598,		80,		0,		0,		-nan,		4949846,		-7.366e+08,		-7.366e+08,		-7.366e+08,		0.0375,		inf,		-inf,		0,		0,		0,		0,		0,		0,		0.3889,		0.06832,		24496,		0,		0,		0,		3898,		0,		0,		0,		8,		0,		0,		0,		2870,		3,		0.2476,		
14.193511,		1.010433,		80,		0,		0,		-nan,		4930164,		-7.366e+08,		-7.366e+08,		-7.366e+08,		0.01463,		inf,		-inf,		0,		0,		0,		0,		0,		0,		0.4144,		0.07674,		24496,		0,		0,		0,		3898,		0,		0,		0,		8,		0,		0,		0,		3123,		3,		0.4948,		
15.205293,		1.011670,		80,		0,		0,		-nan,		4926013,		-7.366e+08,		-7.366e+08,		-7.366e+08,		0.03113,		inf,		-inf,		0,		0,		0,		0,		0,		0,		0.4399,		0.08499,		24496,		0,		0,		0,		3898,		0,		0,		0,		8,		0,		0,		0,		3364,		4,		0.3706,		
16.205948,		1.000543,		77,		0,		0,		-nan,		4737719,		-7.366e+08,		-7.366e+08,		-7.366e+08,		0.04041,		inf,		-inf,		0,		0,		0,		0,		0,		0,		0.4612,		0.0881,		24496,		0,		0,		0,		3899,		0,		0,		0,		16,		0,		0,		0,		3626,		4,		0.3748,		
17.206932,		1.000896,		81,		0,		0,		-nan,		5036244,		-7.366e+08,		-7.366e+08,		-7.366e+08,		0.02771,		inf,		-inf,		0,		0,		0,		0,		0,		0,		0.4804,		0.09298,		24496,		0,		0,		0,		3899,		0,		0,		0,		16,		0,		0,		0,		3878,		4,		0.3746,		
18.217529,		1.010462,		80,		0,		0,		-nan,		4972808,		-7.366e+08,		-7.366e+08,		-7.366e+08,		0.05779,		inf,		-inf,		0,		0,		0,		0,		0,		0,		0.51,		0.09562,		24496,		0,		0,		0,		3899,		0,		0,		0,		16,		0,		0,		0,		4123,		5,		0.2474,		
19.229961,		1.012335,		79,		0,		0,		-nan,		4865100,		-7.366e+08,		-7.366e+08,		-7.366e+08,		0.01623,		inf,		-inf,		0,		0,		0,		0,		0,		0,		0.5417,		0.0975,		24496,		0,		0,		0,		3899,		0,		0,		0,		16,		0,		0,		0,		4358,		6,		0.4939,		
20.245085,		1.015036,		80,		0,		0,		-nan,		4977600,		-7.366e+08,		-7.366e+08,		-7.366e+08,		0.04876,		inf,		-inf,		0,		0,		0,		0,		0,		0,		0.5723,		0.106,		24496,		0,		0,		0,		3899,		0,		0,		0,		16,		0,		0,		0,		4618,		6,		0.4926,		
21.255016,		1.009812,		79,		0,		0,		-nan,		4903579,		-7.366e+08,		-7.366e+08,		-7.366e+08,		0.01786,		inf,		-inf,		0,		0,		0,		0,		0,		0,		0.5948,		0.1158,		24496,		0,		0,		0,		3899,		0,		0,		0,		16,		0,		0,		0,		4873,		6,		0.3713,		
22.268532,		1.013415,		80,		0,		0,		-nan,		4929070,		-7.366e+08,		-7.366e+08,		-7.366e+08,		0.006036,		inf,		-inf,		0,		0,		0,		0,		0,		0,		0.6226,		0.1234,		24496,		0,		0,		0,		3899,		0,		0,		0,		16,		0,		0,		0,		5117,		7,		0.4933,		
23.278784,		1.010160,		79,		0,		0,		-nan,		4911551,		-7.366e+08,		-7.366e+08,		-7.366e+08,		0.02659,		inf,		-inf,		0,		0,		0,		0,		0,		0,		0.6517,		0.1272,		24496,		0,		0,		0,		3899,		0,		0,		0,		16,		0,		0,		0,		5377,		8,		0.3712,		
24.288483,		1.009605,		77,		0,		0,		-nan,		4744969,		-7.366e+08,		-7.366e+08,		-7.366e+08,		0.1091,		inf,		-inf,		0,		0,		0,		0,		0,		0,		0.6755,		0.133,		24496,		0,		0,		0,		3899,		0,		0,		0,		16,		0,		0,		0,		5643,		8,		0.3714,		
25.293669,		1.005108,		82,		0,		0,		-nan,		5051755,		-7.366e+08,		-7.366e+08,		-7.366e+08,		0.05585,		inf,		-inf,		0,		0,		0,		0,		0,		0,		0.7006,		0.1347,		24496,		0,		0,		0,		3899,		0,		0,		0,		16,		0,		0,		0,		5892,		8,		0.3731,		
26.294703,		1.000864,		79,		0,		0,		-nan,		4890807,		-7.366e+08,		-7.366e+08,		-7.366e+08,		0.04537,		inf,		-inf,		0,		0,		0,		0,		0,		0,		0.7176,		0.1404,		24496,		0,		0,		0,		3899,		0,		0,		0,		16,		0,		0,		0,		6124,		8,		0.2497,		
27.307627,		1.012823,		80,		0,		0,		-nan,		4973370,		-7.366e+08,		-7.366e+08,		-7.366e+08,		0.1331,		inf,		-inf,		0,		0,		0,		0,		0,		0,		0.7436,		0.1487,		24496,		0,		0,		0,		3899,		0,		0,		0,		16,		0,		0,		0,		6353,		8,		0.3702,		
28.316227,		1.008516,		79,		0,		0,		-nan,		4914319,		-7.366e+08,		-7.366e+08,		-7.366e+08,		0.08957,		inf,		-inf,		0,		0,		0,		0,		0,		0,		0.7676,		0.1525,		24496,		0,		0,		0,		3899,		0,		0,		0,		16,		0,		0,		0,		6602,		8,		0.3718,		
29.316826,		1.000517,		78,		0,		0,		-nan,		4813630,		-7.366e+08,		-7.366e+08,		-7.366e+08,		0.04543,		inf,		-inf,		0,		0,		0,		0,		0,		0,		0.7817,		0.1563,		24496,		0,		0,		0,		3899,		0,		0,		0,		16,		0,		0,		0,		6865,		9,		0.2499,		
30.379168,		1.062242,		56,		0,		0,		-nan,		3500812,		-7.366e+08,		-7.366e+08,		-7.366e+08,		0.0491,		inf,		-inf,		0,		0,		0,		0,		0,		0,		0.8607,		0.1583,		24496,		0,		0,		0,		3900,		0,		0,		0,		16,		0,		0,		0,		7125,		10,		0.9413,		
Maximum runtime reached. Exiting.
