Experiment id: 74730b58-5692-4174-8d39-2bae9cc3ac59
Performance Test Version: 57791ae
Logfile name: 
Communication mean: ROS2
RMW Implementation: rmw_cyclonedds_cpp
DDS domain id: 0
QOS: Reliability: RELIABLE Durability: VOLATILE History kind: KEEP_LAST History depth: 10 Sync. pub/sub: 0
Publishing rate: 100
Topic name: Array60k
Maximum runtime (sec): 30
Number of publishers: 0
Number of subscribers: 1
Memory check enabled: 0
Use single participant: 0
With security: 0
Roundtrip Mode: NONE
Ignore seconds from beginning: 1

---EXPERIMENT-START---
T_experiment,	T_loop,	received,	sent,	lost,	relative_loss,	data_received,	latency_min (ms),	latency_max (ms),	latency_mean (ms),	latency_variance (ms),	pub_loop_res_min (ms),	pub_loop_res_max (ms),	pub_loop_res_mean (ms),	pub_loop_res_variance (ms),	sub_loop_res_min (ms),	sub_loop_res_max (ms),	sub_loop_res_mean (ms),	sub_loop_res_variance (ms),	ru_utime,	ru_stime,	ru_maxrss,	ru_ixrss,	ru_idrss,	ru_isrss,	ru_minflt,	ru_majflt,	ru_nswap,	ru_inblock,	ru_oublock,	ru_msgsnd,	ru_msgrcv,	ru_nsignals,	ru_nvcsw,	ru_nivcsw,	cpu_usage (%),	
2.015782,		1.002288,		91,		0,		0,		-nan,		5640725,		-7.366e+08,		-7.366e+08,		-7.366e+08,		2.106,		inf,		-inf,		0,		0,		0,		0,		0,		0,		0.1179,		0.03076,		24444,		0,		0,		0,		3885,		0,		0,		0,		8,		0,		0,		0,		476,		3,		0.6235,		
3.018650,		1.002620,		103,		0,		0,		-nan,		6373609,		-7.366e+08,		-7.366e+08,		-7.366e+08,		1.59,		inf,		-inf,		0,		0,		0,		0,		0,		0,		0.1543,		0.05714,		24444,		0,		0,		0,		3885,		0,		0,		0,		8,		0,		0,		0,		731,		3,		0.7479,		
4.027349,		1.008475,		103,		0,		0,		-nan,		6375509,		-7.366e+08,		-7.366e+08,		-7.366e+08,		0.6158,		inf,		-inf,		0,		0,		0,		0,		0,		0,		0.2082,		0.07123,		24444,		0,		0,		0,		3885,		0,		0,		0,		8,		0,		0,		0,		968,		3,		0.8675,		
5.041060,		1.013620,		98,		0,		0,		-nan,		6030464,		-7.366e+08,		-7.366e+08,		-7.366e+08,		0.7241,		inf,		-inf,		0,		0,		0,		0,		0,		0,		0.2649,		0.08661,		24444,		0,		0,		0,		3885,		0,		0,		0,		8,		0,		0,		0,		1203,		5,		0.8632,		
6.045868,		1.004719,		104,		0,		0,		-nan,		6429088,		-7.366e+08,		-7.366e+08,		-7.366e+08,		0.8516,		inf,		-inf,		0,		0,		0,		0,		0,		0,		0.3119,		0.104,		24444,		0,		0,		0,		3886,		0,		0,		0,		8,		0,		0,		0,		1455,		5,		0.8708,		
7.046526,		1.000567,		90,		0,		1,		inf,		5565807,		-7.366e+08,		-7.366e+08,		-7.366e+08,		1.46,		inf,		-inf,		0,		0,		0,		0,		0,		0,		0.3486,		0.1197,		24444,		0,		0,		0,		3888,		0,		0,		0,		8,		0,		0,		0,		1680,		5,		0.4997,		
8.046876,		1.000151,		104,		0,		0,		-nan,		6448189,		-7.366e+08,		-7.366e+08,		-7.366e+08,		0.7023,		inf,		-inf,		0,		0,		0,		0,		0,		0,		0.3945,		0.1402,		24444,		0,		0,		0,		3888,		0,		0,		0,		8,		0,		0,		0,		1940,		6,		0.9997,		
9.048586,		1.001484,		98,		0,		0,		-nan,		6078883,		-7.366e+08,		-7.366e+08,		-7.366e+08,		0.363,		inf,		-inf,		0,		0,		0,		0,		0,		0,		0.4323,		0.1667,		24444,		0,		0,		0,		3888,		0,		0,		0,		8,		0,		0,		0,		2186,		8,		0.7487,		
10.050632,		1.001815,		92,		0,		0,		-nan,		5708454,		-7.366e+08,		-7.366e+08,		-7.366e+08,		1.111,		inf,		-inf,		0,		0,		0,		0,		0,		0,		0.4797,		0.1799,		24444,		0,		0,		0,		3888,		0,		0,		0,		8,		0,		0,		0,		2408,		8,		0.6237,		
11.062672,		1.011810,		88,		0,		0,		-nan,		5455742,		-7.366e+08,		-7.366e+08,		-7.366e+08,		1.356,		inf,		-inf,		0,		0,		0,		0,		0,		0,		0.5243,		0.1973,		24444,		0,		0,		0,		3888,		0,		0,		0,		8,		0,		0,		0,		2615,		9,		0.8646,		
12.069576,		1.006673,		115,		0,		0,		-nan,		7106553,		-7.366e+08,		-7.366e+08,		-7.366e+08,		1.403,		inf,		-inf,		0,		0,		0,		0,		0,		0,		0.5773,		0.222,		24444,		0,		0,		0,		3888,		0,		0,		0,		8,		0,		0,		0,		2882,		9,		0.9932,		
13.071506,		1.001834,		97,		0,		0,		-nan,		5983526,		-7.366e+08,		-7.366e+08,		-7.366e+08,		0.8386,		inf,		-inf,		0,		0,		0,		0,		0,		0,		0.6225,		0.2366,		24444,		0,		0,		0,		3888,		0,		0,		0,		8,		0,		0,		0,		3104,		9,		0.7486,		
14.076012,		1.004388,		106,		0,		0,		-nan,		6559499,		-7.366e+08,		-7.366e+08,		-7.366e+08,		0.3892,		inf,		-inf,		0,		0,		0,		0,		0,		0,		0.6607,		0.2673,		24444,		0,		0,		0,		3888,		0,		0,		0,		8,		0,		0,		0,		3345,		10,		0.8711,		
15.079536,		1.003298,		104,		0,		0,		-nan,		6423276,		-7.366e+08,		-7.366e+08,		-7.366e+08,		0.2565,		inf,		-inf,		0,		0,		0,		0,		0,		0,		0.7092,		0.2837,		24444,		0,		0,		0,		3888,		0,		0,		0,		8,		0,		0,		0,		3602,		10,		0.7474,		
16.082983,		1.003336,		92,		0,		0,		-nan,		5696311,		-7.366e+08,		-7.366e+08,		-7.366e+08,		0.1797,		inf,		-inf,		0,		0,		0,		0,		0,		0,		0.7501,		0.3031,		24444,		0,		0,		0,		3888,		0,		0,		0,		16,		0,		0,		0,		3831,		11,		0.7474,		
17.085785,		1.002574,		107,		0,		0,		-nan,		6613571,		-7.366e+08,		-7.366e+08,		-7.366e+08,		0.9743,		inf,		-inf,		0,		0,		0,		0,		0,		0,		0.7878,		0.3347,		24444,		0,		0,		0,		3889,		0,		0,		0,		16,		0,		0,		0,		4079,		11,		0.8726,		
18.087305,		1.001285,		91,		0,		0,		-nan,		5638718,		-7.366e+08,		-7.366e+08,		-7.366e+08,		0.4819,		inf,		-inf,		0,		0,		0,		0,		0,		0,		0.8344,		0.343,		24444,		0,		0,		0,		3889,		0,		0,		0,		16,		0,		0,		0,		4299,		11,		0.7489,		
19.090620,		1.003040,		105,		0,		0,		-nan,		6503927,		-7.366e+08,		-7.366e+08,		-7.366e+08,		0.3023,		inf,		-inf,		0,		0,		0,		0,		0,		0,		0.8754,		0.3716,		24444,		0,		0,		0,		3889,		0,		0,		0,		16,		0,		0,		0,		4540,		11,		0.8721,		
20.098808,		1.007959,		101,		0,		0,		-nan,		6247668,		-7.366e+08,		-7.366e+08,		-7.366e+08,		0.4477,		inf,		-inf,		0,		0,		0,		0,		0,		0,		0.9282,		0.3884,		24444,		0,		0,		0,		3889,		0,		0,		0,		16,		0,		0,		0,		4778,		12,		0.7439,		
21.107185,		1.008286,		100,		0,		0,		-nan,		6159351,		-7.366e+08,		-7.366e+08,		-7.366e+08,		0.07827,		inf,		-inf,		0,		0,		0,		0,		0,		0,		0.9856,		0.4002,		24444,		0,		0,		0,		3889,		0,		0,		0,		16,		0,		0,		0,		5057,		12,		0.9917,		
22.130163,		1.022890,		100,		0,		0,		-nan,		6153662,		-7.366e+08,		-7.366e+08,		-7.366e+08,		0.1943,		inf,		-inf,		0,		0,		0,		0,		0,		0,		1.044,		0.4228,		24444,		0,		0,		0,		3889,		0,		0,		0,		16,		0,		0,		0,		5295,		13,		0.9775,		
23.130613,		1.000370,		100,		0,		0,		-nan,		6190368,		-7.366e+08,		-7.366e+08,		-7.366e+08,		0.06646,		inf,		-inf,		0,		0,		0,		0,		0,		0,		1.076,		0.4512,		24444,		0,		0,		0,		3889,		0,		0,		0,		16,		0,		0,		0,		5559,		13,		0.7497,		
24.155729,		1.024872,		93,		0,		0,		-nan,		5770973,		-7.366e+08,		-7.366e+08,		-7.366e+08,		0.4839,		inf,		-inf,		0,		0,		0,		0,		0,		0,		1.147,		0.4636,		24444,		0,		0,		0,		3889,		0,		0,		0,		16,		0,		0,		0,		5808,		14,		0.9755,		
25.163187,		1.007374,		96,		0,		0,		-nan,		5938028,		-7.366e+08,		-7.366e+08,		-7.366e+08,		0.5343,		inf,		-inf,		0,		0,		0,		0,		0,		0,		1.193,		0.483,		24444,		0,		0,		0,		3889,		0,		0,		0,		16,		0,		0,		0,		6043,		14,		0.8685,		
26.165796,		1.002521,		93,		0,		0,		-nan,		5732228,		-7.366e+08,		-7.366e+08,		-7.366e+08,		0.3226,		inf,		-inf,		0,		0,		0,		0,		0,		0,		1.225,		0.5078,		24444,		0,		0,		0,		3889,		0,		0,		0,		16,		0,		0,		0,		6264,		14,		0.6234,		
27.177221,		1.011199,		95,		0,		0,		-nan,		5884084,		-7.366e+08,		-7.366e+08,		-7.366e+08,		0.1561,		inf,		-inf,		0,		0,		0,		0,		0,		0,		1.277,		0.5217,		24444,		0,		0,		0,		3889,		0,		0,		0,		16,		0,		0,		0,		6485,		15,		0.8651,		
28.185516,		1.008210,		102,		0,		0,		-nan,		6322081,		-7.366e+08,		-7.366e+08,		-7.366e+08,		0.3661,		inf,		-inf,		0,		0,		0,		0,		0,		0,		1.334,		0.5318,		24444,		0,		0,		0,		3889,		0,		0,		0,		16,		0,		0,		0,		6728,		16,		0.8678,		
29.189314,		1.003707,		99,		0,		0,		-nan,		6093511,		-7.366e+08,		-7.366e+08,		-7.366e+08,		0.44,		inf,		-inf,		0,		0,		0,		0,		0,		0,		1.373,		0.5539,		24444,		0,		0,		0,		3889,		0,		0,		0,		16,		0,		0,		0,		6955,		17,		0.7472,		
30.194952,		1.005542,		102,		0,		0,		-nan,		6306612,		-7.366e+08,		-7.366e+08,		-7.366e+08,		1.632,		inf,		-inf,		0,		0,		0,		0,		0,		0,		1.432,		0.5621,		24444,		0,		0,		0,		3889,		0,		0,		0,		16,		0,		0,		0,		7211,		18,		0.8701,		
Maximum runtime reached. Exiting.
