Experiment id: 977f8270-70a6-4b6b-bbb8-ac2d65269d63
Performance Test Version: 57791ae
Logfile name: 
Communication mean: ROS2
RMW Implementation: rmw_fastrtps_cpp
DDS domain id: 0
QOS: Reliability: RELIABLE Durability: VOLATILE History kind: KEEP_LAST History depth: 10 Sync. pub/sub: 0
Publishing rate: 80
Topic name: Array60k
Maximum runtime (sec): 30
Number of publishers: 1
Number of subscribers: 0
Memory check enabled: 0
Use single participant: 0
With security: 0
Roundtrip Mode: NONE
Ignore seconds from beginning: 1

---EXPERIMENT-START---
T_experiment,	T_loop,	received,	sent,	lost,	relative_loss,	data_received,	latency_min (ms),	latency_max (ms),	latency_mean (ms),	latency_variance (ms),	pub_loop_res_min (ms),	pub_loop_res_max (ms),	pub_loop_res_mean (ms),	pub_loop_res_variance (ms),	sub_loop_res_min (ms),	sub_loop_res_max (ms),	sub_loop_res_mean (ms),	sub_loop_res_variance (ms),	ru_utime,	ru_stime,	ru_maxrss,	ru_ixrss,	ru_idrss,	ru_isrss,	ru_minflt,	ru_majflt,	ru_nswap,	ru_inblock,	ru_oublock,	ru_msgsnd,	ru_msgrcv,	ru_nsignals,	ru_nvcsw,	ru_nivcsw,	cpu_usage (%),	
2.000414,		1.000086,		0,		80,		0,		0.00,		0,		inf,		-inf,		0,		0,		12.01,		12.36,		12.23,		4.794e-06,		inf,		-inf,		0,		0,		0.02635,		0.112,		33268,		0,		0,		0,		4182,		0,		0,		0,		8,		0,		0,		0,		831,		0,		0.4374,		
3.000854,		1.000140,		0,		79,		0,		0.00,		0,		inf,		-inf,		0,		0,		12,		12.37,		12.24,		5.494e-06,		inf,		-inf,		0,		0,		0.03929,		0.1768,		33268,		0,		0,		0,		4182,		0,		0,		0,		8,		0,		0,		0,		1373,		2,		0.4373,		
4.001220,		1.000083,		0,		79,		0,		0.00,		0,		inf,		-inf,		0,		0,		12.06,		12.35,		12.23,		5.206e-06,		inf,		-inf,		0,		0,		0.04981,		0.2428,		33268,		0,		0,		0,		4182,		0,		0,		0,		8,		0,		0,		0,		1933,		2,		0.4998,		
5.001590,		1.000099,		0,		79,		0,		0.00,		0,		inf,		-inf,		0,		0,		12.1,		12.36,		12.24,		4.829e-06,		inf,		-inf,		0,		0,		0.05647,		0.3074,		33268,		0,		0,		0,		4182,		0,		0,		0,		8,		0,		0,		0,		2359,		3,		0.4373,		
6.002068,		1.000140,		0,		79,		0,		0.00,		0,		inf,		-inf,		0,		0,		11.92,		12.4,		12.23,		7.522e-06,		inf,		-inf,		0,		0,		0.0648,		0.3629,		33268,		0,		0,		0,		4182,		0,		0,		0,		8,		0,		0,		0,		2755,		4,		0.4373,		
7.002458,		1.000125,		0,		79,		0,		0.00,		0,		inf,		-inf,		0,		0,		12.04,		12.41,		12.24,		5.829e-06,		inf,		-inf,		0,		0,		0.0648,		0.4313,		33268,		0,		0,		0,		4182,		0,		0,		0,		8,		0,		0,		0,		3168,		6,		0.4373,		
8.002857,		1.000148,		0,		79,		0,		0.00,		0,		inf,		-inf,		0,		0,		12.05,		12.39,		12.23,		5.773e-06,		inf,		-inf,		0,		0,		0.08817,		0.4723,		33268,		0,		0,		0,		4182,		0,		0,		0,		8,		0,		0,		0,		3575,		7,		0.3749,		
9.003238,		1.000126,		0,		79,		0,		0.00,		0,		inf,		-inf,		0,		0,		12.04,		12.42,		12.26,		7.279e-06,		inf,		-inf,		0,		0,		0.09362,		0.5243,		33268,		0,		0,		0,		4182,		0,		0,		0,		8,		0,		0,		0,		4042,		7,		0.3749,		
10.003646,		1.000149,		0,		79,		0,		0.00,		0,		inf,		-inf,		0,		0,		12.02,		12.4,		12.23,		6.709e-06,		inf,		-inf,		0,		0,		0.1071,		0.5861,		33268,		0,		0,		0,		4182,		0,		0,		0,		8,		0,		0,		0,		4578,		14,		0.4373,		
11.004040,		1.000130,		0,		79,		0,		0.00,		0,		inf,		-inf,		0,		0,		12.08,		12.39,		12.25,		4.976e-06,		inf,		-inf,		0,		0,		0.1154,		0.6474,		33268,		0,		0,		0,		4182,		0,		0,		0,		8,		0,		0,		0,		5076,		14,		0.4373,		
12.004557,		1.000248,		0,		79,		0,		0.00,		0,		inf,		-inf,		0,		0,		11.96,		12.36,		12.22,		6.462e-06,		inf,		-inf,		0,		0,		0.126,		0.7118,		33268,		0,		0,		0,		4182,		0,		0,		0,		16,		0,		0,		0,		5582,		14,		0.4997,		
13.004959,		1.000122,		0,		79,		0,		0.00,		0,		inf,		-inf,		0,		0,		-2.577,		12.37,		11.95,		0.003006,		inf,		-inf,		0,		0,		0.1357,		0.7767,		33268,		0,		0,		0,		4182,		0,		0,		0,		16,		0,		0,		0,		6087,		15,		0.4373,		
14.005337,		1.000102,		0,		79,		0,		0.00,		0,		inf,		-inf,		0,		0,		11.98,		12.4,		12.24,		7.031e-06,		inf,		-inf,		0,		0,		0.1507,		0.8351,		33268,		0,		0,		0,		4182,		0,		0,		0,		16,		0,		0,		0,		6626,		15,		0.4998,		
15.005738,		1.000133,		0,		79,		0,		0.00,		0,		inf,		-inf,		0,		0,		11.98,		12.35,		12.22,		5.015e-06,		inf,		-inf,		0,		0,		0.1575,		0.9074,		33268,		0,		0,		0,		4182,		0,		0,		0,		16,		0,		0,		0,		7180,		15,		0.4373,		
16.006176,		1.000135,		0,		79,		0,		0.00,		0,		inf,		-inf,		0,		0,		11.9,		12.35,		12.22,		7.238e-06,		inf,		-inf,		0,		0,		0.1695,		0.9792,		33268,		0,		0,		0,		4182,		0,		0,		0,		24,		0,		0,		0,		7768,		15,		0.4998,		
17.006569,		1.000136,		0,		79,		0,		0.00,		0,		inf,		-inf,		0,		0,		11.93,		12.38,		12.22,		5.876e-06,		inf,		-inf,		0,		0,		0.1988,		1.031,		33268,		0,		0,		0,		4182,		0,		0,		0,		24,		0,		0,		0,		8347,		15,		0.5623,		
18.006989,		1.000129,		0,		79,		0,		0.00,		0,		inf,		-inf,		0,		0,		11.85,		12.37,		12.23,		8.154e-06,		inf,		-inf,		0,		0,		0.2144,		1.084,		33268,		0,		0,		0,		4182,		0,		0,		0,		24,		0,		0,		0,		8783,		18,		0.4373,		
19.007408,		1.000155,		0,		79,		0,		0.00,		0,		inf,		-inf,		0,		0,		11.75,		12.38,		12.23,		9.116e-06,		inf,		-inf,		0,		0,		0.2196,		1.147,		33268,		0,		0,		0,		4182,		0,		0,		0,		24,		0,		0,		0,		9184,		19,		0.3748,		
20.007896,		1.000230,		0,		79,		0,		0.00,		0,		inf,		-inf,		0,		0,		11.97,		12.41,		12.23,		8.062e-06,		inf,		-inf,		0,		0,		0.2254,		1.206,		33268,		0,		0,		0,		4182,		0,		0,		0,		24,		0,		0,		0,		9578,		23,		0.4373,		
21.008322,		1.000144,		0,		79,		0,		0.00,		0,		inf,		-inf,		0,		0,		11.95,		12.38,		12.23,		5.977e-06,		inf,		-inf,		0,		0,		0.2377,		1.262,		33268,		0,		0,		0,		4182,		0,		0,		0,		24,		0,		0,		0,		9976,		23,		0.4373,		
22.008684,		1.000087,		0,		79,		0,		0.00,		0,		inf,		-inf,		0,		0,		11.96,		12.37,		12.23,		5.914e-06,		inf,		-inf,		0,		0,		0.239,		1.33,		33268,		0,		0,		0,		4182,		0,		0,		0,		24,		0,		0,		0,		10376,		23,		0.3749,		
23.009077,		1.000149,		0,		79,		0,		0.00,		0,		inf,		-inf,		0,		0,		11.96,		12.37,		12.23,		7e-06,		inf,		-inf,		0,		0,		0.2598,		1.378,		33268,		0,		0,		0,		4182,		0,		0,		0,		32,		0,		0,		0,		10779,		24,		0.4373,		
24.009432,		1.000097,		0,		79,		0,		0.00,		0,		inf,		-inf,		0,		0,		11.97,		12.36,		12.24,		6.19e-06,		inf,		-inf,		0,		0,		0.2791,		1.426,		33268,		0,		0,		0,		4182,		0,		0,		0,		32,		0,		0,		0,		11186,		24,		0.4373,		
25.009815,		1.000145,		0,		79,		0,		0.00,		0,		inf,		-inf,		0,		0,		12.13,		12.39,		12.25,		3.964e-06,		inf,		-inf,		0,		0,		0.2851,		1.486,		33268,		0,		0,		0,		4182,		0,		0,		0,		32,		0,		0,		0,		11589,		24,		0.4373,		
26.010195,		1.000138,		0,		79,		0,		0.00,		0,		inf,		-inf,		0,		0,		12.03,		12.34,		12.24,		4.7e-06,		inf,		-inf,		0,		0,		0.2861,		1.552,		33268,		0,		0,		0,		4182,		0,		0,		0,		32,		0,		0,		0,		11992,		24,		0.4373,		
27.010603,		1.000140,		0,		79,		0,		0.00,		0,		inf,		-inf,		0,		0,		12,		12.34,		12.23,		4.897e-06,		inf,		-inf,		0,		0,		0.2861,		1.619,		33268,		0,		0,		0,		4182,		0,		0,		0,		32,		0,		0,		0,		12385,		24,		0.3749,		
28.011002,		1.000129,		0,		79,		0,		0.00,		0,		inf,		-inf,		0,		0,		11.91,		12.4,		12.25,		1.272e-05,		inf,		-inf,		0,		0,		0.294,		1.666,		33268,		0,		0,		0,		4182,		0,		0,		0,		32,		0,		0,		0,		12789,		24,		0.3749,		
29.011417,		1.000129,		0,		79,		0,		0.00,		0,		inf,		-inf,		0,		0,		12.05,		12.37,		12.25,		4.425e-06,		inf,		-inf,		0,		0,		0.3011,		1.727,		33268,		0,		0,		0,		4182,		0,		0,		0,		32,		0,		0,		0,		13190,		24,		0.4373,		
30.011848,		1.000147,		0,		79,		0,		0.00,		0,		inf,		-inf,		0,		0,		11.73,		12.38,		12.24,		8.454e-06,		inf,		-inf,		0,		0,		0.3011,		1.788,		33268,		0,		0,		0,		4182,		0,		0,		0,		32,		0,		0,		0,		13589,		26,		0.3748,		
Maximum runtime reached. Exiting.
