Experiment id: 23d8e386-7ebe-4cdc-95e2-021057700de1
Performance Test Version: 57791ae
Logfile name: 
Communication mean: ROS2
RMW Implementation: rmw_fastrtps_cpp
DDS domain id: 0
QOS: Reliability: RELIABLE Durability: VOLATILE History kind: KEEP_LAST History depth: 10 Sync. pub/sub: 0
Publishing rate: 80
Topic name: Array60k
Maximum runtime (sec): 30
Number of publishers: 1
Number of subscribers: 0
Memory check enabled: 0
Use single participant: 0
With security: 0
Roundtrip Mode: NONE
Ignore seconds from beginning: 1

---EXPERIMENT-START---
T_experiment,	T_loop,	received,	sent,	lost,	relative_loss,	data_received,	latency_min (ms),	latency_max (ms),	latency_mean (ms),	latency_variance (ms),	pub_loop_res_min (ms),	pub_loop_res_max (ms),	pub_loop_res_mean (ms),	pub_loop_res_variance (ms),	sub_loop_res_min (ms),	sub_loop_res_max (ms),	sub_loop_res_mean (ms),	sub_loop_res_variance (ms),	ru_utime,	ru_stime,	ru_maxrss,	ru_ixrss,	ru_idrss,	ru_isrss,	ru_minflt,	ru_majflt,	ru_nswap,	ru_inblock,	ru_oublock,	ru_msgsnd,	ru_msgrcv,	ru_nsignals,	ru_nvcsw,	ru_nivcsw,	cpu_usage (%),	
2.000475,		1.000083,		0,		80,		0,		0.00,		0,		inf,		-inf,		0,		0,		-5.792,		12.33,		11.7,		0.007206,		inf,		-inf,		0,		0,		0.08038,		0.0689,		32964,		0,		0,		0,		4173,		0,		0,		0,		8,		0,		0,		0,		868,		1,		0.4374,		
3.000866,		1.000127,		0,		79,		0,		0.00,		0,		inf,		-inf,		0,		0,		11.97,		12.34,		12.23,		5.176e-06,		inf,		-inf,		0,		0,		0.09326,		0.1307,		32964,		0,		0,		0,		4173,		0,		0,		0,		8,		0,		0,		0,		1303,		2,		0.4998,		
4.001266,		1.000130,		0,		79,		0,		0.00,		0,		inf,		-inf,		0,		0,		11.98,		12.41,		12.23,		8.201e-06,		inf,		-inf,		0,		0,		0.0986,		0.1914,		32964,		0,		0,		0,		4173,		0,		0,		0,		8,		0,		0,		0,		1709,		2,		0.3749,		
5.001680,		1.000153,		0,		79,		0,		0.00,		0,		inf,		-inf,		0,		0,		12.06,		12.43,		12.27,		5.858e-06,		inf,		-inf,		0,		0,		0.113,		0.243,		32964,		0,		0,		0,		4173,		0,		0,		0,		8,		0,		0,		0,		2113,		3,		0.4373,		
6.002093,		1.000129,		0,		79,		0,		0.00,		0,		inf,		-inf,		0,		0,		11.91,		12.41,		12.26,		6.03e-06,		inf,		-inf,		0,		0,		0.1273,		0.297,		32964,		0,		0,		0,		4173,		0,		0,		0,		8,		0,		0,		0,		2522,		3,		0.3749,		
7.002617,		1.000245,		0,		79,		0,		0.00,		0,		inf,		-inf,		0,		0,		12,		12.42,		12.25,		7.148e-06,		inf,		-inf,		0,		0,		0.1528,		0.3362,		32964,		0,		0,		0,		4173,		0,		0,		0,		16,		0,		0,		0,		2932,		3,		0.4373,		
8.003141,		1.000254,		0,		79,		0,		0.00,		0,		inf,		-inf,		0,		0,		11.98,		12.38,		12.26,		6.27e-06,		inf,		-inf,		0,		0,		0.1879,		0.3658,		32964,		0,		0,		0,		4173,		0,		0,		0,		16,		0,		0,		0,		3328,		3,		0.3748,		
9.003656,		1.000233,		0,		79,		0,		0.00,		0,		inf,		-inf,		0,		0,		12.01,		12.41,		12.24,		6.155e-06,		inf,		-inf,		0,		0,		0.2335,		0.3959,		32964,		0,		0,		0,		4173,		0,		0,		0,		16,		0,		0,		0,		3812,		3,		0.4997,		
10.004213,		1.000282,		0,		79,		0,		0.00,		0,		inf,		-inf,		0,		0,		-46.77,		12.39,		4.378,		0.1861,		inf,		-inf,		0,		0,		0.2525,		0.4419,		32964,		0,		0,		0,		4173,		0,		0,		0,		16,		0,		0,		0,		4242,		4,		0.4373,		
11.004754,		1.000245,		0,		79,		0,		0.00,		0,		inf,		-inf,		0,		0,		10.44,		12.42,		12.22,		4.566e-05,		inf,		-inf,		0,		0,		0.2958,		0.4742,		32964,		0,		0,		0,		4173,		0,		0,		0,		16,		0,		0,		0,		4791,		4,		0.4373,		
12.005203,		1.000144,		0,		79,		0,		0.00,		0,		inf,		-inf,		0,		0,		12.03,		12.39,		12.27,		6.778e-06,		inf,		-inf,		0,		0,		0.3351,		0.5052,		32964,		0,		0,		0,		4173,		0,		0,		0,		16,		0,		0,		0,		5366,		4,		0.4373,		
13.005636,		1.000147,		0,		79,		0,		0.00,		0,		inf,		-inf,		0,		0,		12.15,		12.43,		12.28,		2.798e-06,		inf,		-inf,		0,		0,		0.3585,		0.5508,		32964,		0,		0,		0,		4173,		0,		0,		0,		24,		0,		0,		0,		5785,		5,		0.4373,		
14.006041,		1.000124,		0,		79,		0,		0.00,		0,		inf,		-inf,		0,		0,		11.97,		12.41,		12.25,		6.333e-06,		inf,		-inf,		0,		0,		0.3735,		0.5997,		32964,		0,		0,		0,		4173,		0,		0,		0,		24,		0,		0,		0,		6181,		7,		0.3749,		
15.006375,		1.000210,		0,		79,		0,		0.00,		0,		inf,		-inf,		0,		0,		11.94,		12.34,		12.24,		6.87e-06,		inf,		-inf,		0,		0,		0.4035,		0.6371,		32964,		0,		0,		0,		4173,		0,		0,		0,		24,		0,		0,		0,		6579,		7,		0.4374,		
16.006901,		1.000217,		0,		79,		0,		0.00,		0,		inf,		-inf,		0,		0,		11.92,		12.39,		12.24,		7.276e-06,		inf,		-inf,		0,		0,		0.4164,		0.6887,		32964,		0,		0,		0,		4173,		0,		0,		0,		32,		0,		0,		0,		6984,		7,		0.3748,		
17.007236,		1.000139,		0,		79,		0,		0.00,		0,		inf,		-inf,		0,		0,		11.93,		12.38,		12.25,		5.869e-06,		inf,		-inf,		0,		0,		0.4464,		0.7247,		32964,		0,		0,		0,		4173,		0,		0,		0,		32,		0,		0,		0,		7379,		8,		0.4374,		
18.007568,		1.000081,		0,		79,		0,		0.00,		0,		inf,		-inf,		0,		0,		-115.6,		12.4,		-1.482,		0.8805,		inf,		-inf,		0,		0,		0.4554,		0.7732,		32964,		0,		0,		0,		4173,		0,		0,		0,		32,		0,		0,		0,		7811,		8,		0.3749,		
19.008078,		1.000249,		0,		79,		0,		0.00,		0,		inf,		-inf,		0,		0,		11.98,		12.37,		12.23,		7.749e-06,		inf,		-inf,		0,		0,		0.4736,		0.8261,		32964,		0,		0,		0,		4173,		0,		0,		0,		40,		0,		0,		0,		8340,		8,		0.4373,		
20.008642,		1.000293,		0,		79,		0,		0.00,		0,		inf,		-inf,		0,		0,		11.99,		12.37,		12.23,		5.802e-06,		inf,		-inf,		0,		0,		0.5001,		0.8687,		32964,		0,		0,		0,		4173,		0,		0,		0,		40,		0,		0,		0,		8752,		8,		0.4373,		
21.009111,		1.000167,		0,		79,		0,		0.00,		0,		inf,		-inf,		0,		0,		11.98,		12.37,		12.24,		6.616e-06,		inf,		-inf,		0,		0,		0.5434,		0.8917,		32964,		0,		0,		0,		4173,		0,		0,		0,		40,		0,		0,		0,		9133,		10,		0.4373,		
22.009560,		1.000163,		0,		79,		0,		0.00,		0,		inf,		-inf,		0,		0,		11.96,		12.4,		12.24,		7.878e-06,		inf,		-inf,		0,		0,		0.5674,		0.9352,		32964,		0,		0,		0,		4173,		0,		0,		0,		40,		0,		0,		0,		9535,		11,		0.3748,		
23.009995,		1.000137,		0,		79,		0,		0.00,		0,		inf,		-inf,		0,		0,		6.872,		12.4,		12.18,		0.0003622,		inf,		-inf,		0,		0,		0.5844,		0.981,		32964,		0,		0,		0,		4173,		0,		0,		0,		40,		0,		0,		0,		9935,		11,		0.4373,		
24.010664,		1.000455,		0,		79,		0,		0.00,		0,		inf,		-inf,		0,		0,		11.88,		12.33,		12.2,		1.2e-05,		inf,		-inf,		0,		0,		0.6021,		1.026,		32964,		0,		0,		0,		4173,		0,		0,		0,		48,		0,		0,		0,		10265,		11,		0.3748,		
25.011160,		1.000221,		0,		79,		0,		0.00,		0,		inf,		-inf,		0,		0,		11.93,		12.38,		12.23,		8.075e-06,		inf,		-inf,		0,		0,		0.6355,		1.052,		32964,		0,		0,		0,		4173,		0,		0,		0,		48,		0,		0,		0,		10635,		11,		0.3748,		
26.011705,		1.000273,		0,		79,		0,		0.00,		0,		inf,		-inf,		0,		0,		12,		12.42,		12.24,		6.482e-06,		inf,		-inf,		0,		0,		0.6593,		1.09,		32964,		0,		0,		0,		4173,		0,		0,		0,		48,		0,		0,		0,		11045,		11,		0.3748,		
27.012047,		1.000194,		0,		79,		0,		0.00,		0,		inf,		-inf,		0,		0,		11.97,		12.42,		12.24,		8.467e-06,		inf,		-inf,		0,		0,		0.6937,		1.121,		32964,		0,		0,		0,		4173,		0,		0,		0,		48,		0,		0,		0,		11439,		11,		0.4373,		
28.012606,		1.000285,		0,		79,		0,		0.00,		0,		inf,		-inf,		0,		0,		-8.611,		12.41,		11.7,		0.007995,		inf,		-inf,		0,		0,		0.7235,		1.159,		32964,		0,		0,		0,		4173,		0,		0,		0,		48,		0,		0,		0,		11842,		13,		0.3748,		
29.012951,		1.000078,		0,		80,		0,		0.00,		0,		inf,		-inf,		0,		0,		12.03,		12.38,		12.26,		5.24e-06,		inf,		-inf,		0,		0,		0.7701,		1.181,		32964,		0,		0,		0,		4173,		0,		0,		0,		48,		0,		0,		0,		12254,		14,		0.4998,		
30.013147,		1.000111,		0,		79,		0,		0.00,		0,		inf,		-inf,		0,		0,		12.16,		12.42,		12.26,		5.081e-06,		inf,		-inf,		0,		0,		0.7961,		1.215,		32964,		0,		0,		0,		4173,		0,		0,		0,		56,		0,		0,		0,		12654,		15,		0.3124,		
Maximum runtime reached. Exiting.
