Experiment id: 1f5288b4-e46a-4622-842e-75abc35296c1
Performance Test Version: 57791ae
Logfile name: 
Communication mean: ROS2
RMW Implementation: rmw_fastrtps_cpp
DDS domain id: 0
QOS: Reliability: RELIABLE Durability: VOLATILE History kind: KEEP_LAST History depth: 10 Sync. pub/sub: 0
Publishing rate: 120
Topic name: Array60k
Maximum runtime (sec): 30
Number of publishers: 1
Number of subscribers: 0
Memory check enabled: 0
Use single participant: 0
With security: 0
Roundtrip Mode: NONE
Ignore seconds from beginning: 1

---EXPERIMENT-START---
T_experiment,	T_loop,	received,	sent,	lost,	relative_loss,	data_received,	latency_min (ms),	latency_max (ms),	latency_mean (ms),	latency_variance (ms),	pub_loop_res_min (ms),	pub_loop_res_max (ms),	pub_loop_res_mean (ms),	pub_loop_res_variance (ms),	sub_loop_res_min (ms),	sub_loop_res_max (ms),	sub_loop_res_mean (ms),	sub_loop_res_variance (ms),	ru_utime,	ru_stime,	ru_maxrss,	ru_ixrss,	ru_idrss,	ru_isrss,	ru_minflt,	ru_majflt,	ru_nswap,	ru_inblock,	ru_oublock,	ru_msgsnd,	ru_msgrcv,	ru_nsignals,	ru_nvcsw,	ru_nivcsw,	cpu_usage (%),	
2.000357,		1.000074,		0,		120,		0,		0.00,		0,		inf,		-inf,		0,		0,		-8.869,		8.252,		7.819,		0.00329,		inf,		-inf,		0,		0,		0.08751,		0.1215,		33016,		0,		0,		0,		4177,		0,		0,		0,		8,		0,		0,		0,		1477,		7,		0.6249,		
3.000758,		1.000134,		0,		119,		0,		0.00,		0,		inf,		-inf,		0,		0,		-5.213,		8.199,		7.762,		0.002583,		inf,		-inf,		0,		0,		0.1263,		0.1768,		33016,		0,		0,		0,		4177,		0,		0,		0,		8,		0,		0,		0,		2020,		7,		0.5623,		
4.001132,		1.000118,		0,		119,		0,		0.00,		0,		inf,		-inf,		0,		0,		-32.36,		8.227,		5.043,		0.04847,		inf,		-inf,		0,		0,		0.1511,		0.2428,		33016,		0,		0,		0,		4177,		0,		0,		0,		8,		0,		0,		0,		2548,		10,		0.6248,		
5.001607,		1.000228,		0,		118,		0,		0.00,		0,		inf,		-inf,		0,		0,		-46.77,		8.298,		1.792,		0.1362,		inf,		-inf,		0,		0,		0.167,		0.3062,		33016,		0,		0,		0,		4177,		0,		0,		0,		8,		0,		0,		0,		3047,		11,		0.4373,		
6.002147,		1.000258,		0,		119,		0,		0.00,		0,		inf,		-inf,		0,		0,		-65.3,		8.17,		-16.06,		0.27,		inf,		-inf,		0,		0,		0.1769,		0.3537,		33016,		0,		0,		0,		4177,		0,		0,		0,		8,		0,		0,		0,		3282,		12,		0.3748,		
7.002594,		1.000150,		0,		120,		0,		0.00,		0,		inf,		-inf,		0,		0,		-43.8,		8.187,		-2.553,		0.1864,		inf,		-inf,		0,		0,		0.1952,		0.4071,		33016,		0,		0,		0,		4177,		0,		0,		0,		8,		0,		0,		0,		3602,		13,		0.4373,		
8.002979,		1.000131,		0,		119,		0,		0.00,		0,		inf,		-inf,		0,		0,		-1.613,		8.228,		7.685,		0.002075,		inf,		-inf,		0,		0,		0.2161,		0.4593,		33016,		0,		0,		0,		4177,		0,		0,		0,		8,		0,		0,		0,		3871,		13,		0.4373,		
9.003432,		1.000153,		0,		119,		0,		0.00,		0,		inf,		-inf,		0,		0,		-24.49,		8.22,		5.803,		0.0363,		inf,		-inf,		0,		0,		0.2412,		0.5034,		33016,		0,		0,		0,		4177,		0,		0,		0,		16,		0,		0,		0,		4137,		13,		0.4998,		
10.003849,		1.000154,		0,		119,		0,		0.00,		0,		inf,		-inf,		0,		0,		-22.74,		8.216,		7.105,		0.01598,		inf,		-inf,		0,		0,		0.2597,		0.5723,		33016,		0,		0,		0,		4177,		0,		0,		0,		16,		0,		0,		0,		4591,		13,		0.4998,		
11.004218,		1.000098,		0,		119,		0,		0.00,		0,		inf,		-inf,		0,		0,		-12.69,		8.215,		6.015,		0.02194,		inf,		-inf,		0,		0,		0.2819,		0.6212,		33016,		0,		0,		0,		4177,		0,		0,		0,		16,		0,		0,		0,		4856,		13,		0.4998,		
12.004658,		1.000148,		0,		112,		0,		0.00,		0,		inf,		-inf,		0,		0,		-17.33,		8.215,		6.555,		0.016,		inf,		-inf,		0,		0,		0.321,		0.6523,		33016,		0,		0,		0,		4177,		0,		0,		0,		16,		0,		0,		0,		5113,		15,		0.4373,		
13.005072,		1.000142,		0,		126,		0,		0.00,		0,		inf,		-inf,		0,		0,		-115.6,		8.048,		-34.42,		0.8469,		inf,		-inf,		0,		0,		0.3295,		0.6944,		33016,		0,		0,		0,		4177,		0,		0,		0,		16,		0,		0,		0,		5334,		15,		0.2499,		
14.005390,		1.000067,		0,		119,		0,		0.00,		0,		inf,		-inf,		0,		0,		-133,		6.549,		-47.25,		0.8859,		inf,		-inf,		0,		0,		0.3453,		0.7207,		33016,		0,		0,		0,		4177,		0,		0,		0,		16,		0,		0,		0,		5522,		15,		0.3124,		
15.005779,		1.000137,		0,		118,		0,		0.00,		0,		inf,		-inf,		0,		0,		-59.58,		8.315,		-14.8,		0.2439,		inf,		-inf,		0,		0,		0.3553,		0.7613,		33016,		0,		0,		0,		4177,		0,		0,		0,		24,		0,		0,		0,		5746,		16,		0.3124,		
16.006216,		1.000139,		0,		113,		0,		0.00,		0,		inf,		-inf,		0,		0,		-75.08,		8.017,		-23.24,		0.3689,		inf,		-inf,		0,		0,		0.3607,		0.8129,		33016,		0,		0,		0,		4177,		0,		0,		0,		32,		0,		0,		0,		5966,		16,		0.3748,		
17.006758,		1.000273,		0,		124,		0,		0.00,		0,		inf,		-inf,		0,		0,		-57.83,		8.183,		-1.867,		0.2174,		inf,		-inf,		0,		0,		0.3979,		0.8455,		33016,		0,		0,		0,		4177,		0,		0,		0,		32,		0,		0,		0,		6230,		16,		0.3748,		
18.007181,		1.000138,		0,		118,		0,		0.00,		0,		inf,		-inf,		0,		0,		-213.1,		5.066,		-73.61,		3.156,		inf,		-inf,		0,		0,		0.4116,		0.8777,		33016,		0,		0,		0,		4177,		0,		0,		0,		32,		0,		0,		0,		6428,		16,		0.3124,		
19.007578,		1.000110,		0,		118,		0,		0.00,		0,		inf,		-inf,		0,		0,		-84.83,		7.238,		-32.22,		0.5296,		inf,		-inf,		0,		0,		0.4208,		0.9208,		33016,		0,		0,		0,		4177,		0,		0,		0,		32,		0,		0,		0,		6642,		16,		0.3749,		
20.007988,		1.000135,		0,		123,		0,		0.00,		0,		inf,		-inf,		0,		0,		-52.32,		8.215,		-4.375,		0.2027,		inf,		-inf,		0,		0,		0.4589,		0.9474,		33016,		0,		0,		0,		4177,		0,		0,		0,		40,		0,		0,		0,		6904,		17,		0.3124,		
21.008392,		1.000137,		0,		115,		0,		0.00,		0,		inf,		-inf,		0,		0,		-32.17,		8.21,		-1.571,		0.1159,		inf,		-inf,		0,		0,		0.4899,		0.9798,		33016,		0,		0,		0,		4177,		0,		0,		0,		40,		0,		0,		0,		7160,		17,		0.3749,		
22.008829,		1.000174,		0,		118,		0,		0.00,		0,		inf,		-inf,		0,		0,		-74.21,		8.015,		-13.49,		0.3261,		inf,		-inf,		0,		0,		0.5074,		1.025,		33016,		0,		0,		0,		4177,		0,		0,		0,		40,		0,		0,		0,		7412,		18,		0.4373,		
23.009104,		1.000132,		0,		125,		0,		0.00,		0,		inf,		-inf,		0,		0,		-297.5,		8.284,		-111,		7.63,		inf,		-inf,		0,		0,		0.5126,		1.06,		33016,		0,		0,		0,		4177,		0,		0,		0,		40,		0,		0,		0,		7608,		19,		0.2499,		
24.009544,		1.000196,		0,		115,		0,		0.00,		0,		inf,		-inf,		0,		0,		-139.6,		6.078,		-45.5,		1.057,		inf,		-inf,		0,		0,		0.5354,		1.091,		33016,		0,		0,		0,		4177,		0,		0,		0,		40,		0,		0,		0,		7817,		20,		0.3748,		
25.009966,		1.000133,		0,		117,		0,		0.00,		0,		inf,		-inf,		0,		0,		-81.82,		8.278,		-20.3,		0.4182,		inf,		-inf,		0,		0,		0.5423,		1.139,		33016,		0,		0,		0,		4177,		0,		0,		0,		40,		0,		0,		0,		8052,		20,		0.3124,		
26.010380,		1.000142,		0,		120,		0,		0.00,		0,		inf,		-inf,		0,		0,		-73.9,		8.148,		-20.14,		0.3924,		inf,		-inf,		0,		0,		0.5487,		1.191,		33016,		0,		0,		0,		4177,		0,		0,		0,		48,		0,		0,		0,		8281,		20,		0.3748,		
27.010847,		1.000206,		0,		124,		0,		0.00,		0,		inf,		-inf,		0,		0,		-146.1,		8.199,		-44.95,		1.803,		inf,		-inf,		0,		0,		0.5645,		1.235,		33016,		0,		0,		0,		4177,		0,		0,		0,		48,		0,		0,		0,		8504,		20,		0.3748,		
28.011177,		1.000131,		0,		116,		0,		0.00,		0,		inf,		-inf,		0,		0,		-61.84,		8.239,		-8.452,		0.4488,		inf,		-inf,		0,		0,		0.587,		1.276,		33016,		0,		0,		0,		4177,		0,		0,		0,		48,		0,		0,		0,		8794,		20,		0.3749,		
29.011522,		1.000086,		0,		107,		0,		0.00,		0,		inf,		-inf,		0,		0,		-146.2,		-2.584,		-76.96,		1.154,		inf,		-inf,		0,		0,		0.5992,		1.314,		33016,		0,		0,		0,		4177,		0,		0,		0,		48,		0,		0,		0,		9031,		20,		0.3124,		
30.011921,		1.000137,		0,		103,		0,		0.00,		0,		inf,		-inf,		0,		0,		-314.6,		-66.92,		-219.8,		5.519,		inf,		-inf,		0,		0,		0.608,		1.355,		33016,		0,		0,		0,		4177,		0,		0,		0,		48,		0,		0,		0,		9260,		20,		0.3124,		
Maximum runtime reached. Exiting.
