Experiment id: b606674c-92e5-402c-8d97-37b84e2bf823
Performance Test Version: 57791ae
Logfile name: 
Communication mean: ROS2
RMW Implementation: rmw_fastrtps_cpp
DDS domain id: 0
QOS: Reliability: RELIABLE Durability: VOLATILE History kind: KEEP_LAST History depth: 10 Sync. pub/sub: 0
Publishing rate: 80
Topic name: Array60k
Maximum runtime (sec): 30
Number of publishers: 1
Number of subscribers: 0
Memory check enabled: 0
Use single participant: 0
With security: 0
Roundtrip Mode: NONE
Ignore seconds from beginning: 1

---EXPERIMENT-START---
T_experiment,	T_loop,	received,	sent,	lost,	relative_loss,	data_received,	latency_min (ms),	latency_max (ms),	latency_mean (ms),	latency_variance (ms),	pub_loop_res_min (ms),	pub_loop_res_max (ms),	pub_loop_res_mean (ms),	pub_loop_res_variance (ms),	sub_loop_res_min (ms),	sub_loop_res_max (ms),	sub_loop_res_mean (ms),	sub_loop_res_variance (ms),	ru_utime,	ru_stime,	ru_maxrss,	ru_ixrss,	ru_idrss,	ru_isrss,	ru_minflt,	ru_majflt,	ru_nswap,	ru_inblock,	ru_oublock,	ru_msgsnd,	ru_msgrcv,	ru_nsignals,	ru_nvcsw,	ru_nivcsw,	cpu_usage (%),	
2.000450,		1.000069,		0,		79,		0,		0.00,		0,		inf,		-inf,		0,		0,		0.604,		12.39,		12.08,		0.001653,		inf,		-inf,		0,		0,		0.04218,		0.1078,		33168,		0,		0,		0,		4153,		0,		0,		0,		8,		0,		0,		0,		896,		4,		0.3749,		
3.000878,		1.000122,		0,		79,		0,		0.00,		0,		inf,		-inf,		0,		0,		8.721,		12.38,		12.18,		0.0001578,		inf,		-inf,		0,		0,		0.06028,		0.1607,		33168,		0,		0,		0,		4172,		0,		0,		0,		16,		0,		0,		0,		1352,		4,		0.4998,		
4.001348,		1.000215,		0,		79,		0,		0.00,		0,		inf,		-inf,		0,		0,		12.03,		12.4,		12.23,		6.079e-06,		inf,		-inf,		0,		0,		0.06722,		0.2172,		33168,		0,		0,		0,		4172,		0,		0,		0,		16,		0,		0,		0,		1761,		4,		0.3124,		
5.001786,		1.000175,		0,		79,		0,		0.00,		0,		inf,		-inf,		0,		0,		11.9,		12.38,		12.21,		9.755e-06,		inf,		-inf,		0,		0,		0.06949,		0.278,		33168,		0,		0,		0,		4172,		0,		0,		0,		16,		0,		0,		0,		2149,		6,		0.3748,		
6.002099,		1.000145,		0,		79,		0,		0.00,		0,		inf,		-inf,		0,		0,		11.41,		12.39,		12.22,		1.371e-05,		inf,		-inf,		0,		0,		0.08138,		0.3357,		33168,		0,		0,		0,		4172,		0,		0,		0,		16,		0,		0,		0,		2549,		6,		0.4998,		
7.002522,		1.000161,		0,		79,		0,		0.00,		0,		inf,		-inf,		0,		0,		12.02,		12.41,		12.24,		5.931e-06,		inf,		-inf,		0,		0,		0.08266,		0.403,		33168,		0,		0,		0,		4172,		0,		0,		0,		16,		0,		0,		0,		2964,		6,		0.4373,		
8.002950,		1.000144,		0,		79,		0,		0.00,		0,		inf,		-inf,		0,		0,		11.98,		12.39,		12.24,		1.015e-05,		inf,		-inf,		0,		0,		0.1037,		0.4457,		33168,		0,		0,		0,		4172,		0,		0,		0,		16,		0,		0,		0,		3436,		6,		0.3748,		
9.003462,		1.000241,		0,		79,		0,		0.00,		0,		inf,		-inf,		0,		0,		4.754,		12.39,		12.14,		0.0006959,		inf,		-inf,		0,		0,		0.1092,		0.5096,		33168,		0,		0,		0,		4172,		0,		0,		0,		16,		0,		0,		0,		3879,		7,		0.3748,		
10.003704,		1.000076,		0,		79,		0,		0.00,		0,		inf,		-inf,		0,		0,		11.95,		12.37,		12.23,		5.885e-06,		inf,		-inf,		0,		0,		0.1195,		0.5665,		33168,		0,		0,		0,		4172,		0,		0,		0,		16,		0,		0,		0,		4273,		7,		0.4374,		
11.004238,		1.000269,		0,		79,		0,		0.00,		0,		inf,		-inf,		0,		0,		11.96,		12.33,		12.22,		5.743e-06,		inf,		-inf,		0,		0,		0.1306,		0.6268,		33168,		0,		0,		0,		4172,		0,		0,		0,		16,		0,		0,		0,		4674,		7,		0.4997,		
12.004753,		1.000241,		0,		79,		0,		0.00,		0,		inf,		-inf,		0,		0,		11.96,		12.34,		12.23,		7.566e-06,		inf,		-inf,		0,		0,		0.1561,		0.6711,		33168,		0,		0,		0,		4172,		0,		0,		0,		16,		0,		0,		0,		5072,		7,		0.4373,		
13.005153,		1.000131,		0,		79,		0,		0.00,		0,		inf,		-inf,		0,		0,		11.96,		12.42,		12.22,		6.998e-06,		inf,		-inf,		0,		0,		0.1615,		0.7296,		33168,		0,		0,		0,		4172,		0,		0,		0,		16,		0,		0,		0,		5466,		7,		0.3749,		
14.005739,		1.000301,		0,		79,		0,		0.00,		0,		inf,		-inf,		0,		0,		12.11,		12.41,		12.25,		5.528e-06,		inf,		-inf,		0,		0,		0.175,		0.7744,		33168,		0,		0,		0,		4172,		0,		0,		0,		24,		0,		0,		0,		5835,		7,		0.3748,		
15.006257,		1.000242,		0,		79,		0,		0.00,		0,		inf,		-inf,		0,		0,		12.01,		12.36,		12.21,		6.723e-06,		inf,		-inf,		0,		0,		0.1764,		0.8337,		33168,		0,		0,		0,		4172,		0,		0,		0,		24,		0,		0,		0,		6163,		8,		0.3748,		
16.006763,		1.000196,		0,		79,		0,		0.00,		0,		inf,		-inf,		0,		0,		12.02,		12.41,		12.28,		8.642e-06,		inf,		-inf,		0,		0,		0.1898,		0.8675,		33168,		0,		0,		0,		4172,		0,		0,		0,		32,		0,		0,		0,		6527,		8,		0.2499,		
17.007135,		1.000101,		0,		79,		0,		0.00,		0,		inf,		-inf,		0,		0,		-84.5,		12.38,		0.2795,		0.5396,		inf,		-inf,		0,		0,		0.1961,		0.9097,		33168,		0,		0,		0,		4172,		0,		0,		0,		32,		0,		0,		0,		6764,		9,		0.3124,		
18.007460,		1.000227,		0,		74,		0,		0.00,		0,		inf,		-inf,		0,		0,		-172.2,		12.32,		-42.13,		2.194,		inf,		-inf,		0,		0,		0.2058,		0.9316,		33168,		0,		0,		0,		4172,		0,		0,		0,		32,		0,		0,		0,		6906,		9,		0.2499,		
19.007971,		1.000224,		0,		81,		0,		0.00,		0,		inf,		-inf,		0,		0,		-95.94,		12.32,		-18.24,		0.9676,		inf,		-inf,		0,		0,		0.2084,		0.976,		33168,		0,		0,		0,		4172,		0,		0,		0,		32,		0,		0,		0,		7116,		9,		0.2499,		
20.008375,		1.000126,		0,		82,		0,		0.00,		0,		inf,		-inf,		0,		0,		-105.2,		12.42,		-13.33,		0.8723,		inf,		-inf,		0,		0,		0.2125,		1.012,		33168,		0,		0,		0,		4172,		0,		0,		0,		40,		0,		0,		0,		7347,		9,		0.3124,		
21.008766,		1.000133,		0,		79,		0,		0.00,		0,		inf,		-inf,		0,		0,		-91.35,		12.39,		3.5,		0.4496,		inf,		-inf,		0,		0,		0.2214,		1.05,		33168,		0,		0,		0,		4172,		0,		0,		0,		40,		0,		0,		0,		7559,		12,		0.3124,		
22.009171,		1.000120,		0,		79,		0,		0.00,		0,		inf,		-inf,		0,		0,		11.96,		12.38,		12.23,		8.269e-06,		inf,		-inf,		0,		0,		0.2353,		1.096,		33168,		0,		0,		0,		4172,		0,		0,		0,		40,		0,		0,		0,		7940,		15,		0.3124,		
23.009621,		1.000151,		0,		79,		0,		0.00,		0,		inf,		-inf,		0,		0,		11.94,		12.38,		12.24,		7.54e-06,		inf,		-inf,		0,		0,		0.2369,		1.161,		33168,		0,		0,		0,		4172,		0,		0,		0,		40,		0,		0,		0,		8340,		16,		0.4373,		
24.010025,		1.000141,		0,		79,		0,		0.00,		0,		inf,		-inf,		0,		0,		11.98,		12.37,		12.23,		6.769e-06,		inf,		-inf,		0,		0,		0.2475,		1.215,		33168,		0,		0,		0,		4172,		0,		0,		0,		40,		0,		0,		0,		8724,		16,		0.3749,		
25.010399,		1.000105,		0,		79,		0,		0.00,		0,		inf,		-inf,		0,		0,		-12.27,		12.4,		11.52,		0.01167,		inf,		-inf,		0,		0,		0.2509,		1.272,		33168,		0,		0,		0,		4172,		0,		0,		0,		40,		0,		0,		0,		9123,		16,		0.4373,		
26.010828,		1.000161,		0,		79,		0,		0.00,		0,		inf,		-inf,		0,		0,		12.01,		12.43,		12.24,		8.874e-06,		inf,		-inf,		0,		0,		0.2524,		1.333,		33168,		0,		0,		0,		4172,		0,		0,		0,		48,		0,		0,		0,		9519,		17,		0.3748,		
27.011253,		1.000139,		0,		79,		0,		0.00,		0,		inf,		-inf,		0,		0,		11.97,		12.39,		12.23,		9.536e-06,		inf,		-inf,		0,		0,		0.2746,		1.373,		33168,		0,		0,		0,		4172,		0,		0,		0,		48,		0,		0,		0,		9917,		22,		0.3748,		
28.011774,		1.000230,		0,		79,		0,		0.00,		0,		inf,		-inf,		0,		0,		11.93,		12.37,		12.23,		7.488e-06,		inf,		-inf,		0,		0,		0.2814,		1.436,		33168,		0,		0,		0,		4172,		0,		0,		0,		48,		0,		0,		0,		10316,		22,		0.4373,		
29.012360,		1.000309,		0,		79,		0,		0.00,		0,		inf,		-inf,		0,		0,		11.98,		12.4,		12.25,		7.706e-06,		inf,		-inf,		0,		0,		0.283,		1.486,		33168,		0,		0,		0,		4172,		0,		0,		0,		48,		0,		0,		0,		10703,		22,		0.3123,		
30.012735,		1.000082,		0,		80,		0,		0.00,		0,		inf,		-inf,		0,		0,		11.98,		12.41,		12.24,		7.105e-06,		inf,		-inf,		0,		0,		0.2845,		1.547,		33168,		0,		0,		0,		4172,		0,		0,		0,		48,		0,		0,		0,		11105,		23,		0.3749,		
Maximum runtime reached. Exiting.
