Experiment id: 7fbc9331-da53-4356-a2a0-ce1eaa3d230c
Performance Test Version: 57791ae
Logfile name: 
Communication mean: ROS2
RMW Implementation: rmw_fastrtps_cpp
DDS domain id: 0
QOS: Reliability: RELIABLE Durability: VOLATILE History kind: KEEP_LAST History depth: 10 Sync. pub/sub: 0
Publishing rate: 100
Topic name: Array60k
Maximum runtime (sec): 30
Number of publishers: 1
Number of subscribers: 0
Memory check enabled: 0
Use single participant: 0
With security: 0
Roundtrip Mode: NONE
Ignore seconds from beginning: 1

---EXPERIMENT-START---
T_experiment,	T_loop,	received,	sent,	lost,	relative_loss,	data_received,	latency_min (ms),	latency_max (ms),	latency_mean (ms),	latency_variance (ms),	pub_loop_res_min (ms),	pub_loop_res_max (ms),	pub_loop_res_mean (ms),	pub_loop_res_variance (ms),	sub_loop_res_min (ms),	sub_loop_res_max (ms),	sub_loop_res_mean (ms),	sub_loop_res_variance (ms),	ru_utime,	ru_stime,	ru_maxrss,	ru_ixrss,	ru_idrss,	ru_isrss,	ru_minflt,	ru_majflt,	ru_nswap,	ru_inblock,	ru_oublock,	ru_msgsnd,	ru_msgrcv,	ru_nsignals,	ru_nvcsw,	ru_nivcsw,	cpu_usage (%),	
2.000479,		1.000092,		0,		100,		0,		0.00,		0,		inf,		-inf,		0,		0,		-76.41,		9.898,		-0.7996,		0.4501,		inf,		-inf,		0,		0,		0.01597,		0.165,		33076,		0,		0,		0,		4178,		0,		0,		0,		8,		0,		0,		0,		1128,		6,		0.5624,		
3.000832,		1.000078,		0,		99,		0,		0.00,		0,		inf,		-inf,		0,		0,		-8.472,		9.858,		9.436,		0.004027,		inf,		-inf,		0,		0,		0.03083,		0.2205,		33076,		0,		0,		0,		4178,		0,		0,		0,		8,		0,		0,		0,		1412,		8,		0.4998,		
4.001287,		1.000207,		0,		99,		0,		0.00,		0,		inf,		-inf,		0,		0,		-0.6796,		9.928,		9.495,		0.002037,		inf,		-inf,		0,		0,		0.03744,		0.2855,		33076,		0,		0,		0,		4178,		0,		0,		0,		8,		0,		0,		0,		1846,		8,		0.3748,		
5.001724,		1.000151,		0,		99,		0,		0.00,		0,		inf,		-inf,		0,		0,		-13.29,		9.899,		8.968,		0.008951,		inf,		-inf,		0,		0,		0.03893,		0.3503,		33076,		0,		0,		0,		4178,		0,		0,		0,		8,		0,		0,		0,		2118,		8,		0.4373,		
6.002134,		1.000134,		0,		99,		0,		0.00,		0,		inf,		-inf,		0,		0,		-3.067,		9.905,		9.525,		0.001952,		inf,		-inf,		0,		0,		0.04359,		0.3992,		33076,		0,		0,		0,		4178,		0,		0,		0,		8,		0,		0,		0,		2331,		8,		0.3124,		
7.002657,		1.000260,		0,		99,		0,		0.00,		0,		inf,		-inf,		0,		0,		6.016,		9.868,		9.685,		0.0001543,		inf,		-inf,		0,		0,		0.04646,		0.4802,		33076,		0,		0,		0,		4178,		0,		0,		0,		8,		0,		0,		0,		2804,		10,		0.5622,		
8.003069,		1.000119,		0,		99,		0,		0.00,		0,		inf,		-inf,		0,		0,		6.113,		9.84,		9.712,		0.0001351,		inf,		-inf,		0,		0,		0.05513,		0.5733,		33076,		0,		0,		0,		4178,		0,		0,		0,		8,		0,		0,		0,		3452,		11,		0.6247,		
9.003469,		1.000138,		0,		99,		0,		0.00,		0,		inf,		-inf,		0,		0,		-22.31,		9.887,		8.035,		0.03063,		inf,		-inf,		0,		0,		0.06409,		0.6564,		33076,		0,		0,		0,		4178,		0,		0,		0,		8,		0,		0,		0,		4018,		12,		0.5623,		
10.003860,		1.000129,		0,		99,		0,		0.00,		0,		inf,		-inf,		0,		0,		9.587,		9.924,		9.756,		5.377e-06,		inf,		-inf,		0,		0,		0.0711,		0.7332,		33076,		0,		0,		0,		4178,		0,		0,		0,		8,		0,		0,		0,		4613,		14,		0.5623,		
11.004287,		1.000156,		0,		99,		0,		0.00,		0,		inf,		-inf,		0,		0,		-39.68,		9.889,		-3.6,		0.2088,		inf,		-inf,		0,		0,		0.07976,		0.7884,		33076,		0,		0,		0,		4178,		0,		0,		0,		8,		0,		0,		0,		4978,		14,		0.3124,		
12.004709,		1.000141,		0,		99,		0,		0.00,		0,		inf,		-inf,		0,		0,		-75.18,		9.847,		-8.639,		0.5113,		inf,		-inf,		0,		0,		0.08572,		0.8386,		33076,		0,		0,		0,		4178,		0,		0,		0,		8,		0,		0,		0,		5180,		14,		0.3748,		
13.005106,		1.000139,		0,		99,		0,		0.00,		0,		inf,		-inf,		0,		0,		-36.77,		9.862,		6.278,		0.09138,		inf,		-inf,		0,		0,		0.08877,		0.9036,		33076,		0,		0,		0,		4178,		0,		0,		0,		8,		0,		0,		0,		5448,		15,		0.4373,		
14.005491,		1.000129,		0,		99,		0,		0.00,		0,		inf,		-inf,		0,		0,		8.638,		9.908,		9.719,		2.821e-05,		inf,		-inf,		0,		0,		0.09256,		0.9504,		33076,		0,		0,		0,		4178,		0,		0,		0,		8,		0,		0,		0,		5660,		19,		0.3749,		
15.006017,		1.000239,		0,		99,		0,		0.00,		0,		inf,		-inf,		0,		0,		9.412,		9.869,		9.706,		8.431e-06,		inf,		-inf,		0,		0,		0.09932,		1.002,		33076,		0,		0,		0,		4178,		0,		0,		0,		8,		0,		0,		0,		5870,		20,		0.3123,		
16.006454,		1.000150,		0,		99,		0,		0.00,		0,		inf,		-inf,		0,		0,		-11.72,		9.91,		7.602,		0.0271,		inf,		-inf,		0,		0,		0.09949,		1.066,		33076,		0,		0,		0,		4178,		0,		0,		0,		16,		0,		0,		0,		6197,		21,		0.3748,		
17.006924,		1.000166,		0,		99,		0,		0.00,		0,		inf,		-inf,		0,		0,		-54,		9.899,		3.712,		0.1465,		inf,		-inf,		0,		0,		0.1063,		1.12,		33076,		0,		0,		0,		4178,		0,		0,		0,		16,		0,		0,		0,		6446,		29,		0.4373,		
18.007347,		1.000154,		0,		99,		0,		0.00,		0,		inf,		-inf,		0,		0,		0.4829,		9.863,		9.506,		0.001452,		inf,		-inf,		0,		0,		0.1131,		1.174,		33076,		0,		0,		0,		4178,		0,		0,		0,		16,		0,		0,		0,		6661,		31,		0.3748,		
19.007708,		1.000088,		0,		99,		0,		0.00,		0,		inf,		-inf,		0,		0,		9.538,		9.894,		9.736,		6.172e-06,		inf,		-inf,		0,		0,		0.1186,		1.243,		33076,		0,		0,		0,		4178,		0,		0,		0,		16,		0,		0,		0,		7012,		38,		0.4373,		
20.008160,		1.000185,		0,		99,		0,		0.00,		0,		inf,		-inf,		0,		0,		-12.83,		9.877,		8.51,		0.01564,		inf,		-inf,		0,		0,		0.1225,		1.315,		33076,		0,		0,		0,		4178,		0,		0,		0,		16,		0,		0,		0,		7405,		51,		0.4998,		
21.008678,		1.000236,		0,		99,		0,		0.00,		0,		inf,		-inf,		0,		0,		-44.15,		9.865,		3.145,		0.1399,		inf,		-inf,		0,		0,		0.1273,		1.368,		33076,		0,		0,		0,		4178,		0,		0,		0,		16,		0,		0,		0,		7630,		51,		0.3123,		
22.009161,		1.000202,		0,		99,		0,		0.00,		0,		inf,		-inf,		0,		0,		-1.801,		9.865,		9.415,		0.002223,		inf,		-inf,		0,		0,		0.1379,		1.43,		33076,		0,		0,		0,		4178,		0,		0,		0,		16,		0,		0,		0,		7986,		52,		0.4998,		
23.009899,		1.000454,		0,		99,		0,		0.00,		0,		inf,		-inf,		0,		0,		-54.75,		9.921,		2.094,		0.1943,		inf,		-inf,		0,		0,		0.1441,		1.484,		33076,		0,		0,		0,		4178,		0,		0,		0,		16,		0,		0,		0,		8315,		52,		0.3747,		
24.010223,		1.000227,		0,		99,		0,		0.00,		0,		inf,		-inf,		0,		0,		-0.9327,		9.873,		9.516,		0.001686,		inf,		-inf,		0,		0,		0.1458,		1.54,		33076,		0,		0,		0,		4178,		0,		0,		0,		16,		0,		0,		0,		8530,		52,		0.3124,		
25.010622,		1.000124,		0,		100,		0,		0.00,		0,		inf,		-inf,		0,		0,		-28.85,		9.83,		5.909,		0.06645,		inf,		-inf,		0,		0,		0.1542,		1.596,		33076,		0,		0,		0,		4178,		0,		0,		0,		16,		0,		0,		0,		8810,		53,		0.4373,		
26.010948,		1.000046,		0,		98,		0,		0.00,		0,		inf,		-inf,		0,		0,		-19.34,		9.866,		8.656,		0.01647,		inf,		-inf,		0,		0,		0.157,		1.655,		33076,		0,		0,		0,		4178,		0,		0,		0,		16,		0,		0,		0,		9023,		55,		0.3749,		
27.011164,		1.000126,		0,		100,		0,		0.00,		0,		inf,		-inf,		0,		0,		-51.79,		9.884,		3.271,		0.1898,		inf,		-inf,		0,		0,		0.1643,		1.705,		33076,		0,		0,		0,		4178,		0,		0,		0,		16,		0,		0,		0,		9238,		55,		0.3749,		
28.011559,		1.000131,		0,		99,		0,		0.00,		0,		inf,		-inf,		0,		0,		-19.38,		9.831,		8.321,		0.02138,		inf,		-inf,		0,		0,		0.17,		1.766,		33076,		0,		0,		0,		4178,		0,		0,		0,		16,		0,		0,		0,		9529,		57,		0.4373,		
29.012156,		1.000350,		0,		99,		0,		0.00,		0,		inf,		-inf,		0,		0,		4.795,		9.904,		9.606,		0.0003497,		inf,		-inf,		0,		0,		0.1814,		1.816,		33076,		0,		0,		0,		4178,		0,		0,		0,		16,		0,		0,		0,		9750,		58,		0.3748,		
30.012671,		1.000233,		0,		99,		0,		0.00,		0,		inf,		-inf,		0,		0,		-29.61,		9.885,		6.506,		0.07176,		inf,		-inf,		0,		0,		0.1892,		1.866,		33076,		0,		0,		0,		4178,		0,		0,		0,		16,		0,		0,		0,		9959,		59,		0.3123,		
Maximum runtime reached. Exiting.
