Experiment id: 723fe965-cfe5-4400-a8ee-7e952f7ec307
Performance Test Version: 57791ae
Logfile name: 
Communication mean: ROS2
RMW Implementation: rmw_fastrtps_cpp
DDS domain id: 0
QOS: Reliability: RELIABLE Durability: VOLATILE History kind: KEEP_LAST History depth: 10 Sync. pub/sub: 0
Publishing rate: 100
Topic name: Array60k
Maximum runtime (sec): 30
Number of publishers: 1
Number of subscribers: 0
Memory check enabled: 0
Use single participant: 0
With security: 0
Roundtrip Mode: NONE
Ignore seconds from beginning: 1

---EXPERIMENT-START---
T_experiment,	T_loop,	received,	sent,	lost,	relative_loss,	data_received,	latency_min (ms),	latency_max (ms),	latency_mean (ms),	latency_variance (ms),	pub_loop_res_min (ms),	pub_loop_res_max (ms),	pub_loop_res_mean (ms),	pub_loop_res_variance (ms),	sub_loop_res_min (ms),	sub_loop_res_max (ms),	sub_loop_res_mean (ms),	sub_loop_res_variance (ms),	ru_utime,	ru_stime,	ru_maxrss,	ru_ixrss,	ru_idrss,	ru_isrss,	ru_minflt,	ru_majflt,	ru_nswap,	ru_inblock,	ru_oublock,	ru_msgsnd,	ru_msgrcv,	ru_nsignals,	ru_nvcsw,	ru_nivcsw,	cpu_usage (%),	
2.000455,		1.000135,		0,		100,		0,		0.00,		0,		inf,		-inf,		0,		0,		9.609,		9.886,		9.738,		4.301e-06,		inf,		-inf,		0,		0,		0.01742,		0.1699,		33072,		0,		0,		0,		4171,		0,		0,		0,		8,		0,		0,		0,		1245,		1,		0.4999,		
3.000870,		1.000119,		0,		98,		0,		0.00,		0,		inf,		-inf,		0,		0,		-30.87,		9.862,		6.984,		0.05125,		inf,		-inf,		0,		0,		0.02423,		0.2403,		33072,		0,		0,		0,		4171,		0,		0,		0,		8,		0,		0,		0,		1645,		2,		0.5623,		
4.001238,		1.000120,		0,		100,		0,		0.00,		0,		inf,		-inf,		0,		0,		-9.685,		9.916,		9.357,		0.005121,		inf,		-inf,		0,		0,		0.02657,		0.329,		33072,		0,		0,		0,		4171,		0,		0,		0,		8,		0,		0,		0,		2272,		3,		0.4998,		
5.001625,		1.000131,		0,		99,		0,		0.00,		0,		inf,		-inf,		0,		0,		6.508,		9.831,		9.677,		0.0001095,		inf,		-inf,		0,		0,		0.03498,		0.4043,		33072,		0,		0,		0,		4171,		0,		0,		0,		16,		0,		0,		0,		2721,		4,		0.5623,		
6.002050,		1.000149,		0,		99,		0,		0.00,		0,		inf,		-inf,		0,		0,		9.44,		9.925,		9.733,		9.417e-06,		inf,		-inf,		0,		0,		0.04,		0.4686,		33072,		0,		0,		0,		4171,		0,		0,		0,		16,		0,		0,		0,		3155,		5,		0.3748,		
7.002573,		1.000246,		0,		99,		0,		0.00,		0,		inf,		-inf,		0,		0,		-11.8,		9.915,		9.36,		0.005937,		inf,		-inf,		0,		0,		0.04843,		0.5347,		33072,		0,		0,		0,		4171,		0,		0,		0,		16,		0,		0,		0,		3716,		5,		0.4997,		
8.002906,		1.000093,		0,		99,		0,		0.00,		0,		inf,		-inf,		0,		0,		-74.31,		9.852,		-0.1521,		0.3523,		inf,		-inf,		0,		0,		0.05218,		0.5953,		33072,		0,		0,		0,		4171,		0,		0,		0,		16,		0,		0,		0,		4013,		5,		0.4374,		
9.003312,		1.000125,		0,		99,		0,		0.00,		0,		inf,		-inf,		0,		0,		-18.96,		9.858,		8.396,		0.02264,		inf,		-inf,		0,		0,		0.05289,		0.663,		33072,		0,		0,		0,		4171,		0,		0,		0,		16,		0,		0,		0,		4302,		6,		0.4373,		
10.003833,		1.000247,		0,		81,		0,		0.00,		0,		inf,		-inf,		0,		0,		-34.83,		9.877,		7.804,		0.04958,		inf,		-inf,		0,		0,		0.05863,		0.7243,		33072,		0,		0,		0,		4171,		0,		0,		0,		16,		0,		0,		0,		4713,		7,		0.3748,		
11.004317,		1.000224,		0,		117,		0,		0.00,		0,		inf,		-inf,		0,		0,		-179.6,		9.873,		-33.58,		2.909,		inf,		-inf,		0,		0,		0.06053,		0.7829,		33072,		0,		0,		0,		4171,		0,		0,		0,		16,		0,		0,		0,		4959,		7,		0.4373,		
12.004822,		1.000234,		0,		99,		0,		0.00,		0,		inf,		-inf,		0,		0,		-24.79,		9.882,		8.368,		0.02704,		inf,		-inf,		0,		0,		0.06678,		0.8377,		33072,		0,		0,		0,		4171,		0,		0,		0,		16,		0,		0,		0,		5176,		7,		0.3123,		
13.005334,		1.000236,		0,		99,		0,		0.00,		0,		inf,		-inf,		0,		0,		-68.44,		9.872,		0.3248,		0.2939,		inf,		-inf,		0,		0,		0.06797,		0.9069,		33072,		0,		0,		0,		4171,		0,		0,		0,		16,		0,		0,		0,		5567,		8,		0.4373,		
14.005650,		1.000202,		0,		99,		0,		0.00,		0,		inf,		-inf,		0,		0,		-129.7,		9.842,		-11.28,		1.244,		inf,		-inf,		0,		0,		0.07261,		0.9733,		33072,		0,		0,		0,		4171,		0,		0,		0,		16,		0,		0,		0,		6022,		8,		0.4998,		
15.006177,		1.000247,		0,		99,		0,		0.00,		0,		inf,		-inf,		0,		0,		-73.85,		9.862,		-1.032,		0.3358,		inf,		-inf,		0,		0,		0.07668,		1.026,		33072,		0,		0,		0,		4171,		0,		0,		0,		16,		0,		0,		0,		6238,		8,		0.3123,		
16.006775,		1.000294,		0,		99,		0,		0.00,		0,		inf,		-inf,		0,		0,		8.425,		9.883,		9.732,		2.216e-05,		inf,		-inf,		0,		0,		0.07991,		1.097,		33072,		0,		0,		0,		4171,		0,		0,		0,		32,		0,		0,		0,		6686,		9,		0.4372,		
17.007143,		1.000098,		0,		99,		0,		0.00,		0,		inf,		-inf,		0,		0,		-16.54,		9.867,		8.595,		0.01587,		inf,		-inf,		0,		0,		0.08665,		1.157,		33072,		0,		0,		0,		4171,		0,		0,		0,		32,		0,		0,		0,		6947,		9,		0.4373,		
18.007565,		1.000094,		0,		99,		0,		0.00,		0,		inf,		-inf,		0,		0,		9.447,		9.85,		9.71,		9.314e-06,		inf,		-inf,		0,		0,		0.09085,		1.213,		33072,		0,		0,		0,		4171,		0,		0,		0,		32,		0,		0,		0,		7156,		12,		0.4373,		
19.008041,		1.000145,		0,		99,		0,		0.00,		0,		inf,		-inf,		0,		0,		-41.52,		9.887,		5.046,		0.1283,		inf,		-inf,		0,		0,		0.09787,		1.282,		33072,		0,		0,		0,		4171,		0,		0,		0,		32,		0,		0,		0,		7569,		12,		0.4373,		
20.008575,		1.000279,		0,		99,		0,		0.00,		0,		inf,		-inf,		0,		0,		-26.96,		9.89,		7.487,		0.03887,		inf,		-inf,		0,		0,		0.1031,		1.34,		33072,		0,		0,		0,		4171,		0,		0,		0,		32,		0,		0,		0,		7830,		13,		0.3748,		
21.008808,		1.000122,		0,		72,		0,		0.00,		0,		inf,		-inf,		0,		0,		-14.34,		9.861,		9.057,		0.01099,		inf,		-inf,		0,		0,		0.1031,		1.396,		33072,		0,		0,		0,		4171,		0,		0,		0,		32,		0,		0,		0,		8190,		14,		0.3749,		
22.009169,		1.000220,		0,		126,		0,		0.00,		0,		inf,		-inf,		0,		0,		-413.8,		9.924,		-83.32,		17.72,		inf,		-inf,		0,		0,		0.1082,		1.435,		33072,		0,		0,		0,		4171,		0,		0,		0,		32,		0,		0,		0,		8439,		14,		0.2499,		
23.009581,		1.000138,		0,		99,		0,		0.00,		0,		inf,		-inf,		0,		0,		-22.56,		9.872,		8.542,		0.02098,		inf,		-inf,		0,		0,		0.1176,		1.488,		33072,		0,		0,		0,		4171,		0,		0,		0,		32,		0,		0,		0,		8658,		14,		0.3748,		
24.010090,		1.000238,		0,		99,		0,		0.00,		0,		inf,		-inf,		0,		0,		9.459,		9.924,		9.717,		9.357e-06,		inf,		-inf,		0,		0,		0.1233,		1.542,		33072,		0,		0,		0,		4171,		0,		0,		0,		32,		0,		0,		0,		8867,		15,		0.4373,		
25.010525,		1.000137,		0,		100,		0,		0.00,		0,		inf,		-inf,		0,		0,		-10.41,		9.885,		9.128,		0.008009,		inf,		-inf,		0,		0,		0.1243,		1.611,		33072,		0,		0,		0,		4171,		0,		0,		0,		32,		0,		0,		0,		9214,		16,		0.4373,		
26.010956,		1.000132,		0,		99,		0,		0.00,		0,		inf,		-inf,		0,		0,		2.289,		9.863,		9.643,		0.0005493,		inf,		-inf,		0,		0,		0.1339,		1.661,		33072,		0,		0,		0,		4171,		0,		0,		0,		40,		0,		0,		0,		9426,		18,		0.3748,		
27.011347,		1.000128,		0,		99,		0,		0.00,		0,		inf,		-inf,		0,		0,		0.2566,		9.865,		9.478,		0.001661,		inf,		-inf,		0,		0,		0.1347,		1.722,		33072,		0,		0,		0,		4171,		0,		0,		0,		40,		0,		0,		0,		9648,		19,		0.3749,		
28.011765,		1.000151,		0,		99,		0,		0.00,		0,		inf,		-inf,		0,		0,		-19.76,		9.894,		7.677,		0.03484,		inf,		-inf,		0,		0,		0.1362,		1.783,		33072,		0,		0,		0,		4171,		0,		0,		0,		40,		0,		0,		0,		9939,		19,		0.3748,		
29.012148,		1.000128,		0,		99,		0,		0.00,		0,		inf,		-inf,		0,		0,		3.45,		9.852,		9.637,		0.000395,		inf,		-inf,		0,		0,		0.1509,		1.83,		33072,		0,		0,		0,		4171,		0,		0,		0,		40,		0,		0,		0,		10149,		19,		0.4373,		
30.012589,		1.000183,		0,		99,		0,		0.00,		0,		inf,		-inf,		0,		0,		1.052,		9.869,		9.61,		0.0008214,		inf,		-inf,		0,		0,		0.1549,		1.887,		33072,		0,		0,		0,		4171,		0,		0,		0,		40,		0,		0,		0,		10364,		20,		0.3124,		
Maximum runtime reached. Exiting.
