Experiment id: cf77e7ea-c994-40d2-9d1a-11a684acbc61
Performance Test Version: 57791ae
Logfile name: 
Communication mean: ROS2
RMW Implementation: rmw_fastrtps_cpp
DDS domain id: 0
QOS: Reliability: RELIABLE Durability: VOLATILE History kind: KEEP_LAST History depth: 10 Sync. pub/sub: 0
Publishing rate: 100
Topic name: Array60k
Maximum runtime (sec): 30
Number of publishers: 1
Number of subscribers: 0
Memory check enabled: 0
Use single participant: 0
With security: 0
Roundtrip Mode: NONE
Ignore seconds from beginning: 1

---EXPERIMENT-START---
T_experiment,	T_loop,	received,	sent,	lost,	relative_loss,	data_received,	latency_min (ms),	latency_max (ms),	latency_mean (ms),	latency_variance (ms),	pub_loop_res_min (ms),	pub_loop_res_max (ms),	pub_loop_res_mean (ms),	pub_loop_res_variance (ms),	sub_loop_res_min (ms),	sub_loop_res_max (ms),	sub_loop_res_mean (ms),	sub_loop_res_variance (ms),	ru_utime,	ru_stime,	ru_maxrss,	ru_ixrss,	ru_idrss,	ru_isrss,	ru_minflt,	ru_majflt,	ru_nswap,	ru_inblock,	ru_oublock,	ru_msgsnd,	ru_msgrcv,	ru_nsignals,	ru_nvcsw,	ru_nivcsw,	cpu_usage (%),	
2.000535,		1.000142,		0,		100,		0,		0.00,		0,		inf,		-inf,		0,		0,		9.607,		9.914,		9.804,		4.411e-06,		inf,		-inf,		0,		0,		0.02694,		0.1347,		33220,		0,		0,		0,		4179,		0,		0,		0,		8,		0,		0,		0,		1212,		3,		0.4374,		
3.000929,		1.000123,		0,		99,		0,		0.00,		0,		inf,		-inf,		0,		0,		-1.226,		9.865,		9.559,		0.0015,		inf,		-inf,		0,		0,		0.03337,		0.2241,		33220,		0,		0,		0,		4179,		0,		0,		0,		8,		0,		0,		0,		1852,		4,		0.6248,		
4.001463,		1.000270,		0,		98,		0,		0.00,		0,		inf,		-inf,		0,		0,		5.797,		9.845,		9.68,		0.0001624,		inf,		-inf,		0,		0,		0.03385,		0.3001,		33220,		0,		0,		0,		4179,		0,		0,		0,		8,		0,		0,		0,		2307,		4,		0.4997,		
5.001971,		1.000238,		0,		100,		0,		0.00,		0,		inf,		-inf,		0,		0,		-29.41,		9.917,		5.914,		0.0601,		inf,		-inf,		0,		0,		0.04195,		0.3466,		33220,		0,		0,		0,		4179,		0,		0,		0,		8,		0,		0,		0,		2540,		6,		0.3123,		
6.002377,		1.000134,		0,		99,		0,		0.00,		0,		inf,		-inf,		0,		0,		-22,		9.845,		8.181,		0.0243,		inf,		-inf,		0,		0,		0.04577,		0.4032,		33220,		0,		0,		0,		4179,		0,		0,		0,		8,		0,		0,		0,		2761,		7,		0.3749,		
7.002821,		1.000191,		0,		99,		0,		0.00,		0,		inf,		-inf,		0,		0,		-85.72,		9.894,		-2.637,		0.4738,		inf,		-inf,		0,		0,		0.04991,		0.4557,		33220,		0,		0,		0,		4179,		0,		0,		0,		8,		0,		0,		0,		2989,		8,		0.3124,		
8.003370,		1.000264,		0,		99,		0,		0.00,		0,		inf,		-inf,		0,		0,		-27.81,		9.895,		7.557,		0.04311,		inf,		-inf,		0,		0,		0.04991,		0.5142,		33220,		0,		0,		0,		4179,		0,		0,		0,		8,		0,		0,		0,		3208,		9,		0.3748,		
9.003582,		1.000127,		0,		99,		0,		0.00,		0,		inf,		-inf,		0,		0,		9.43,		9.865,		9.702,		7.335e-06,		inf,		-inf,		0,		0,		0.05073,		0.5722,		33220,		0,		0,		0,		4179,		0,		0,		0,		8,		0,		0,		0,		3420,		9,		0.4374,		
10.004065,		1.000233,		0,		99,		0,		0.00,		0,		inf,		-inf,		0,		0,		-79.29,		9.866,		-12.36,		0.547,		inf,		-inf,		0,		0,		0.05599,		0.6221,		33220,		0,		0,		0,		4179,		0,		0,		0,		8,		0,		0,		0,		3645,		9,		0.3124,		
11.004473,		1.000135,		0,		98,		0,		0.00,		0,		inf,		-inf,		0,		0,		-25.05,		9.865,		4.466,		0.06522,		inf,		-inf,		0,		0,		0.06163,		0.6738,		33220,		0,		0,		0,		4179,		0,		0,		0,		8,		0,		0,		0,		3856,		10,		0.3749,		
12.004843,		1.000100,		0,		100,		0,		0.00,		0,		inf,		-inf,		0,		0,		-13.96,		9.858,		8.933,		0.009914,		inf,		-inf,		0,		0,		0.06163,		0.7361,		33220,		0,		0,		0,		4179,		0,		0,		0,		8,		0,		0,		0,		4079,		11,		0.3749,		
13.005280,		1.000103,		0,		99,		0,		0.00,		0,		inf,		-inf,		0,		0,		9.484,		9.897,		9.723,		6.267e-06,		inf,		-inf,		0,		0,		0.06292,		0.8101,		33220,		0,		0,		0,		4179,		0,		0,		0,		8,		0,		0,		0,		4471,		12,		0.4998,		
14.005885,		1.000280,		0,		89,		0,		0.00,		0,		inf,		-inf,		0,		0,		-103.4,		9.843,		-13.17,		1.2,		inf,		-inf,		0,		0,		0.06995,		0.8714,		33220,		0,		0,		0,		4179,		0,		0,		0,		8,		0,		0,		0,		4866,		14,		0.3748,		
15.006292,		1.000132,		0,		102,		0,		0.00,		0,		inf,		-inf,		0,		0,		-189.4,		8.131,		-76.91,		3.376,		inf,		-inf,		0,		0,		0.07759,		0.8984,		33220,		0,		0,		0,		4179,		0,		0,		0,		8,		0,		0,		0,		5018,		17,		0.1874,		
16.006771,		1.000198,		0,		90,		0,		0.00,		0,		inf,		-inf,		0,		0,		-199.7,		9.803,		-64.51,		2.937,		inf,		-inf,		0,		0,		0.08301,		0.9318,		33220,		0,		0,		0,		4179,		0,		0,		0,		16,		0,		0,		0,		5203,		19,		0.3124,		
17.007170,		1.000137,		0,		90,		0,		0.00,		0,		inf,		-inf,		0,		0,		-268.3,		9.195,		-107.5,		4.94,		inf,		-inf,		0,		0,		0.09252,		0.9546,		33220,		0,		0,		0,		4179,		0,		0,		0,		16,		0,		0,		0,		5376,		19,		0.1874,		
18.007599,		1.000150,		0,		123,		0,		0.00,		0,		inf,		-inf,		0,		0,		-314.6,		9.964,		-106.9,		10.27,		inf,		-inf,		0,		0,		0.09955,		0.9933,		33220,		0,		0,		0,		4179,		0,		0,		0,		16,		0,		0,		0,		5609,		19,		0.2499,		
19.008038,		1.000171,		0,		100,		0,		0.00,		0,		inf,		-inf,		0,		0,		-29.16,		9.919,		5.991,		0.06357,		inf,		-inf,		0,		0,		0.103,		1.063,		33220,		0,		0,		0,		4179,		0,		0,		0,		16,		0,		0,		0,		6015,		19,		0.4998,		
20.008440,		1.000131,		0,		99,		0,		0.00,		0,		inf,		-inf,		0,		0,		-20.32,		9.87,		7.197,		0.0372,		inf,		-inf,		0,		0,		0.1058,		1.125,		33220,		0,		0,		0,		4179,		0,		0,		0,		16,		0,		0,		0,		6305,		20,		0.3749,		
21.008810,		1.000105,		0,		99,		0,		0.00,		0,		inf,		-inf,		0,		0,		-41.13,		9.905,		3.756,		0.1165,		inf,		-inf,		0,		0,		0.1092,		1.183,		33220,		0,		0,		0,		4179,		0,		0,		0,		16,		0,		0,		0,		6577,		20,		0.3749,		
22.009125,		1.000220,		0,		99,		0,		0.00,		0,		inf,		-inf,		0,		0,		9.552,		9.879,		9.744,		5.747e-06,		inf,		-inf,		0,		0,		0.1142,		1.258,		33220,		0,		0,		0,		4179,		0,		0,		0,		16,		0,		0,		0,		7026,		20,		0.4998,		
23.009605,		1.000215,		0,		99,		0,		0.00,		0,		inf,		-inf,		0,		0,		-9.02,		9.847,		9.361,		0.00498,		inf,		-inf,		0,		0,		0.1147,		1.35,		33220,		0,		0,		0,		4179,		0,		0,		0,		16,		0,		0,		0,		7627,		20,		0.5622,		
24.010078,		1.000200,		0,		99,		0,		0.00,		0,		inf,		-inf,		0,		0,		-8.694,		9.862,		9.421,		0.004122,		inf,		-inf,		0,		0,		0.1216,		1.438,		33220,		0,		0,		0,		4179,		0,		0,		0,		16,		0,		0,		0,		8246,		21,		0.6247,		
25.010309,		1.000127,		0,		100,		0,		0.00,		0,		inf,		-inf,		0,		0,		9.518,		9.873,		9.722,		6.527e-06,		inf,		-inf,		0,		0,		0.1216,		1.517,		33220,		0,		0,		0,		4179,		0,		0,		0,		16,		0,		0,		0,		8739,		22,		0.4999,		
26.010729,		1.000128,		0,		99,		0,		0.00,		0,		inf,		-inf,		0,		0,		-3.844,		9.876,		9.446,		0.002567,		inf,		-inf,		0,		0,		0.1216,		1.587,		33220,		0,		0,		0,		4179,		0,		0,		0,		16,		0,		0,		0,		9058,		22,		0.4373,		
27.011127,		1.000131,		0,		99,		0,		0.00,		0,		inf,		-inf,		0,		0,		-17.93,		9.917,		6.959,		0.03709,		inf,		-inf,		0,		0,		0.1218,		1.635,		33220,		0,		0,		0,		4179,		0,		0,		0,		16,		0,		0,		0,		9274,		24,		0.3124,		
28.011518,		1.000124,		0,		99,		0,		0.00,		0,		inf,		-inf,		0,		0,		9.594,		9.921,		9.737,		4.727e-06,		inf,		-inf,		0,		0,		0.129,		1.706,		33220,		0,		0,		0,		4179,		0,		0,		0,		16,		0,		0,		0,		9708,		25,		0.4373,		
29.012009,		1.000234,		0,		99,		0,		0.00,		0,		inf,		-inf,		0,		0,		-0.04202,		9.932,		9.512,		0.001802,		inf,		-inf,		0,		0,		0.1336,		1.783,		33220,		0,		0,		0,		4179,		0,		0,		0,		16,		0,		0,		0,		10189,		26,		0.5622,		
30.012539,		1.000266,		0,		99,		0,		0.00,		0,		inf,		-inf,		0,		0,		-18.91,		9.839,		7.56,		0.03366,		inf,		-inf,		0,		0,		0.1336,		1.846,		33220,		0,		0,		0,		4179,		0,		0,		0,		16,		0,		0,		0,		10406,		28,		0.3748,		
Maximum runtime reached. Exiting.
