Experiment id: b6f21375-aa05-473a-9c02-52fdf62be0c3
Performance Test Version: 57791ae
Logfile name: 
Communication mean: ROS2
RMW Implementation: rmw_fastrtps_cpp
DDS domain id: 0
QOS: Reliability: RELIABLE Durability: VOLATILE History kind: KEEP_LAST History depth: 10 Sync. pub/sub: 0
Publishing rate: 120
Topic name: Array60k
Maximum runtime (sec): 30
Number of publishers: 1
Number of subscribers: 0
Memory check enabled: 0
Use single participant: 0
With security: 0
Roundtrip Mode: NONE
Ignore seconds from beginning: 1

---EXPERIMENT-START---
T_experiment,	T_loop,	received,	sent,	lost,	relative_loss,	data_received,	latency_min (ms),	latency_max (ms),	latency_mean (ms),	latency_variance (ms),	pub_loop_res_min (ms),	pub_loop_res_max (ms),	pub_loop_res_mean (ms),	pub_loop_res_variance (ms),	sub_loop_res_min (ms),	sub_loop_res_max (ms),	sub_loop_res_mean (ms),	sub_loop_res_variance (ms),	ru_utime,	ru_stime,	ru_maxrss,	ru_ixrss,	ru_idrss,	ru_isrss,	ru_minflt,	ru_majflt,	ru_nswap,	ru_inblock,	ru_oublock,	ru_msgsnd,	ru_msgrcv,	ru_nsignals,	ru_nvcsw,	ru_nivcsw,	cpu_usage (%),	
2.000417,		1.000136,		0,		119,		0,		0.00,		0,		inf,		-inf,		0,		0,		-12.22,		8.228,		4.464,		0.03084,		inf,		-inf,		0,		0,		0.05659,		0.1088,		32940,		0,		0,		0,		4173,		0,		0,		0,		8,		0,		0,		0,		944,		0,		0.4374,		
3.000912,		1.000215,		0,		119,		0,		0.00,		0,		inf,		-inf,		0,		0,		-59.23,		8.123,		-8.627,		0.1776,		inf,		-inf,		0,		0,		0.07335,		0.1516,		32940,		0,		0,		0,		4173,		0,		0,		0,		8,		0,		0,		0,		1193,		0,		0.4373,		
4.001101,		1.000082,		0,		120,		0,		0.00,		0,		inf,		-inf,		0,		0,		-71.18,		8.182,		-3.327,		0.3026,		inf,		-inf,		0,		0,		0.1001,		0.2052,		32940,		0,		0,		0,		4173,		0,		0,		0,		8,		0,		0,		0,		1586,		1,		0.4999,		
5.001504,		1.000128,		0,		118,		0,		0.00,		0,		inf,		-inf,		0,		0,		-42.01,		8.197,		1.505,		0.1037,		inf,		-inf,		0,		0,		0.1328,		0.241,		32940,		0,		0,		0,		4173,		0,		0,		0,		16,		0,		0,		0,		1888,		1,		0.4373,		
6.001895,		1.000129,		0,		120,		0,		0.00,		0,		inf,		-inf,		0,		0,		-30.2,		8.248,		4.929,		0.06215,		inf,		-inf,		0,		0,		0.1433,		0.3071,		32940,		0,		0,		0,		4173,		0,		0,		0,		16,		0,		0,		0,		2208,		1,		0.4373,		
7.002269,		1.000118,		0,		119,		0,		0.00,		0,		inf,		-inf,		0,		0,		-6.279,		8.201,		6.942,		0.008734,		inf,		-inf,		0,		0,		0.1555,		0.3732,		32940,		0,		0,		0,		4173,		0,		0,		0,		16,		0,		0,		0,		2553,		1,		0.4998,		
8.002775,		1.000244,		0,		119,		0,		0.00,		0,		inf,		-inf,		0,		0,		-6.182,		8.243,		7.047,		0.008797,		inf,		-inf,		0,		0,		0.1831,		0.4172,		32940,		0,		0,		0,		4173,		0,		0,		0,		16,		0,		0,		0,		2819,		1,		0.4373,		
9.003312,		1.000256,		0,		119,		0,		0.00,		0,		inf,		-inf,		0,		0,		-30.64,		8.263,		5.998,		0.03537,		inf,		-inf,		0,		0,		0.194,		0.4675,		32940,		0,		0,		0,		4173,		0,		0,		0,		16,		0,		0,		0,		3089,		1,		0.3748,		
10.003752,		1.000161,		0,		119,		0,		0.00,		0,		inf,		-inf,		0,		0,		-46.31,		8.263,		-2.801,		0.1912,		inf,		-inf,		0,		0,		0.2049,		0.5123,		32940,		0,		0,		0,		4173,		0,		0,		0,		16,		0,		0,		0,		3338,		2,		0.3748,		
11.004167,		1.000134,		0,		119,		0,		0.00,		0,		inf,		-inf,		0,		0,		-49.94,		8.255,		1.752,		0.1313,		inf,		-inf,		0,		0,		0.2143,		0.559,		32940,		0,		0,		0,		4173,		0,		0,		0,		16,		0,		0,		0,		3612,		2,		0.3124,		
12.004700,		1.000256,		0,		119,		0,		0.00,		0,		inf,		-inf,		0,		0,		5.52,		8.234,		8.045,		0.0001124,		inf,		-inf,		0,		0,		0.2445,		0.5924,		32940,		0,		0,		0,		4173,		0,		0,		0,		16,		0,		0,		0,		3869,		4,		0.4373,		
13.005185,		1.000165,		0,		119,		0,		0.00,		0,		inf,		-inf,		0,		0,		-1.373,		8.26,		7.943,		0.001057,		inf,		-inf,		0,		0,		0.2639,		0.6409,		32940,		0,		0,		0,		4173,		0,		0,		0,		16,		0,		0,		0,		4293,		5,		0.4373,		
14.005932,		1.000462,		0,		119,		0,		0.00,		0,		inf,		-inf,		0,		0,		-27.34,		8.271,		4.738,		0.04108,		inf,		-inf,		0,		0,		0.2765,		0.6983,		32940,		0,		0,		0,		4173,		0,		0,		0,		16,		0,		0,		0,		4592,		6,		0.3747,		
15.006452,		1.000123,		0,		119,		0,		0.00,		0,		inf,		-inf,		0,		0,		-14.03,		8.26,		7.369,		0.01035,		inf,		-inf,		0,		0,		0.2811,		0.7496,		32940,		0,		0,		0,		4173,		0,		0,		0,		16,		0,		0,		0,		4843,		6,		0.3748,		
16.006920,		1.000154,		0,		119,		0,		0.00,		0,		inf,		-inf,		0,		0,		-14.9,		8.261,		6.144,		0.01792,		inf,		-inf,		0,		0,		0.2995,		0.7815,		32940,		0,		0,		0,		4173,		0,		0,		0,		32,		0,		0,		0,		5220,		6,		0.3124,		
17.007441,		1.000239,		0,		119,		0,		0.00,		0,		inf,		-inf,		0,		0,		-66.73,		8.204,		-14.71,		0.5505,		inf,		-inf,		0,		0,		0.3027,		0.8382,		32940,		0,		0,		0,		4173,		0,		0,		0,		32,		0,		0,		0,		5448,		7,		0.3748,		
18.007973,		1.000253,		0,		119,		0,		0.00,		0,		inf,		-inf,		0,		0,		-49.25,		8.233,		-4.361,		0.1794,		inf,		-inf,		0,		0,		0.3142,		0.891,		32940,		0,		0,		0,		4173,		0,		0,		0,		32,		0,		0,		0,		5708,		7,		0.4373,		
19.008577,		1.000284,		0,		119,		0,		0.00,		0,		inf,		-inf,		0,		0,		-3.316,		8.244,		7.65,		0.003435,		inf,		-inf,		0,		0,		0.3317,		0.9436,		32940,		0,		0,		0,		4173,		0,		0,		0,		32,		0,		0,		0,		5995,		7,		0.4372,		
20.008823,		1.000159,		0,		119,		0,		0.00,		0,		inf,		-inf,		0,		0,		-23.45,		8.188,		6.105,		0.03005,		inf,		-inf,		0,		0,		0.357,		0.9865,		32940,		0,		0,		0,		4173,		0,		0,		0,		32,		0,		0,		0,		6249,		7,		0.3749,		
21.009045,		1.000087,		0,		120,		0,		0.00,		0,		inf,		-inf,		0,		0,		-60.09,		8.19,		-8.702,		0.3853,		inf,		-inf,		0,		0,		0.3748,		1.031,		32940,		0,		0,		0,		4173,		0,		0,		0,		32,		0,		0,		0,		6490,		7,		0.4374,		
22.009426,		1.000127,		0,		119,		0,		0.00,		0,		inf,		-inf,		0,		0,		-24.16,		8.198,		3.52,		0.06124,		inf,		-inf,		0,		0,		0.3928,		1.085,		32940,		0,		0,		0,		4173,		0,		0,		0,		32,		0,		0,		0,		6788,		7,		0.4373,		
23.009790,		1.000108,		0,		109,		0,		0.00,		0,		inf,		-inf,		0,		0,		-135,		8.168,		-48.89,		1.477,		inf,		-inf,		0,		0,		0.4051,		1.112,		32940,		0,		0,		0,		4173,		0,		0,		0,		32,		0,		0,		0,		6970,		7,		0.2499,		
24.010059,		1.000136,		0,		129,		0,		0.00,		0,		inf,		-inf,		0,		0,		-160,		6.554,		-58.82,		1.953,		inf,		-inf,		0,		0,		0.4121,		1.157,		32940,		0,		0,		0,		4173,		0,		0,		0,		32,		0,		0,		0,		7188,		7,		0.3124,		
25.010544,		1.000219,		0,		119,		0,		0.00,		0,		inf,		-inf,		0,		0,		-79.93,		8.201,		-13.46,		0.5204,		inf,		-inf,		0,		0,		0.438,		1.201,		32940,		0,		0,		0,		4173,		0,		0,		0,		32,		0,		0,		0,		7452,		7,		0.4373,		
26.010984,		1.000145,		0,		119,		0,		0.00,		0,		inf,		-inf,		0,		0,		-31.01,		8.219,		5.65,		0.03978,		inf,		-inf,		0,		0,		0.4514,		1.259,		32940,		0,		0,		0,		4173,		0,		0,		0,		40,		0,		0,		0,		7712,		8,		0.4373,		
27.011536,		1.000268,		0,		119,		0,		0.00,		0,		inf,		-inf,		0,		0,		-30.74,		8.199,		2.747,		0.07955,		inf,		-inf,		0,		0,		0.48,		1.297,		32940,		0,		0,		0,		4173,		0,		0,		0,		40,		0,		0,		0,		7980,		8,		0.3748,		
28.011944,		1.000291,		0,		119,		0,		0.00,		0,		inf,		-inf,		0,		0,		-18.98,		8.235,		6.493,		0.02416,		inf,		-inf,		0,		0,		0.5064,		1.35,		32940,		0,		0,		0,		4173,		0,		0,		0,		40,		0,		0,		0,		8399,		8,		0.5623,		
29.012337,		1.000278,		0,		115,		0,		0.00,		0,		inf,		-inf,		0,		0,		-145.6,		8.203,		-37.89,		1.583,		inf,		-inf,		0,		0,		0.5333,		1.382,		32940,		0,		0,		0,		4173,		0,		0,		0,		40,		0,		0,		0,		8660,		9,		0.3749,		
30.012745,		1.000144,		0,		123,		0,		0.00,		0,		inf,		-inf,		0,		0,		-86.6,		7.895,		-32.59,		0.6296,		inf,		-inf,		0,		0,		0.5593,		1.41,		32940,		0,		0,		0,		4173,		0,		0,		0,		40,		0,		0,		0,		8885,		9,		0.2499,		
Maximum runtime reached. Exiting.
