Experiment id: 8c9dfb01-373f-47ee-83c1-5d8bc9778b8f
Performance Test Version: 57791ae
Logfile name: 
Communication mean: ROS2
RMW Implementation: rmw_fastrtps_cpp
DDS domain id: 0
QOS: Reliability: RELIABLE Durability: VOLATILE History kind: KEEP_LAST History depth: 10 Sync. pub/sub: 0
Publishing rate: 120
Topic name: Array60k
Maximum runtime (sec): 30
Number of publishers: 0
Number of subscribers: 1
Memory check enabled: 0
Use single participant: 0
With security: 0
Roundtrip Mode: NONE
Ignore seconds from beginning: 1

---EXPERIMENT-START---
T_experiment,	T_loop,	received,	sent,	lost,	relative_loss,	data_received,	latency_min (ms),	latency_max (ms),	latency_mean (ms),	latency_variance (ms),	pub_loop_res_min (ms),	pub_loop_res_max (ms),	pub_loop_res_mean (ms),	pub_loop_res_variance (ms),	sub_loop_res_min (ms),	sub_loop_res_max (ms),	sub_loop_res_mean (ms),	sub_loop_res_variance (ms),	ru_utime,	ru_stime,	ru_maxrss,	ru_ixrss,	ru_idrss,	ru_isrss,	ru_minflt,	ru_majflt,	ru_nswap,	ru_inblock,	ru_oublock,	ru_msgsnd,	ru_msgrcv,	ru_nsignals,	ru_nvcsw,	ru_nivcsw,	cpu_usage (%),	
2.015924,		1.009675,		51,		0,		164,		inf,		3176992,		-7.376e+08,		-7.376e+08,		-7.376e+08,		3.649,		inf,		-inf,		0,		0,		0,		0,		0,		0,		0.07068,		0.02524,		31956,		0,		0,		0,		3906,		0,		0,		0,		8,		0,		0,		0,		398,		4,		0.7428,		
3.074556,		1.058531,		78,		0,		10,		inf,		4806176,		-7.376e+08,		-7.376e+08,		-7.376e+08,		5.921,		inf,		-inf,		0,		0,		0,		0,		0,		0,		0.16,		0.0503,		31956,		0,		0,		0,		3906,		0,		0,		0,		8,		0,		0,		0,		673,		8,		1.299,		
4.075322,		1.000683,		78,		0,		0,		-nan,		4820266,		-7.376e+08,		-7.376e+08,		-7.376e+08,		7.633,		inf,		-inf,		0,		0,		0,		0,		0,		0,		0.2028,		0.06926,		31956,		0,		0,		0,		3906,		0,		0,		0,		8,		0,		0,		0,		966,		8,		0.7494,		
5.113776,		1.038196,		97,		0,		5,		inf,		6015183,		-7.376e+08,		-7.376e+08,		-7.376e+08,		1.73,		inf,		-inf,		0,		0,		0,		0,		0,		0,		0.2775,		0.09736,		31956,		0,		0,		0,		3906,		0,		0,		0,		8,		0,		0,		0,		1262,		10,		1.204,		
6.125044,		1.011191,		128,		0,		39,		inf,		7870658,		-7.376e+08,		-7.376e+08,		-7.376e+08,		22.59,		inf,		-inf,		0,		0,		0,		0,		0,		0,		0.3325,		0.1141,		31956,		0,		0,		0,		3906,		0,		0,		0,		8,		0,		0,		0,		1499,		14,		0.9889,		
7.140516,		1.015374,		89,		0,		25,		inf,		5530632,		-7.376e+08,		-7.376e+08,		-7.376e+08,		5.665,		inf,		-inf,		0,		0,		0,		0,		0,		0,		0.3881,		0.126,		31956,		0,		0,		0,		3906,		0,		0,		0,		16,		0,		0,		0,		1712,		14,		0.7386,		
8.143894,		1.003293,		97,		0,		0,		-nan,		5991574,		-7.376e+08,		-7.376e+08,		-7.376e+08,		3.201,		inf,		-inf,		0,		0,		0,		0,		0,		0,		0.4377,		0.1313,		31956,		0,		0,		0,		3906,		0,		0,		0,		16,		0,		0,		0,		1907,		14,		0.7475,		
9.145121,		1.001132,		110,		0,		8,		inf,		6798840,		-7.376e+08,		-7.376e+08,		-7.376e+08,		1.787,		inf,		-inf,		0,		0,		0,		0,		0,		0,		0.4812,		0.1467,		31956,		0,		0,		0,		3906,		0,		0,		0,		16,		0,		0,		0,		2123,		14,		0.7491,		
10.145876,		1.000496,		100,		0,		5,		inf,		6201237,		-7.376e+08,		-7.376e+08,		-7.376e+08,		3.457,		inf,		-inf,		0,		0,		0,		0,		0,		0,		0.528,		0.1652,		31956,		0,		0,		0,		3906,		0,		0,		0,		16,		0,		0,		0,		2424,		14,		0.7494,		
11.156212,		1.010054,		94,		0,		10,		inf,		5832993,		-7.376e+08,		-7.376e+08,		-7.376e+08,		5.809,		inf,		-inf,		0,		0,		0,		0,		0,		0,		0.5844,		0.1868,		31956,		0,		0,		0,		3906,		0,		0,		0,		16,		0,		0,		0,		2763,		15,		0.9898,		
12.209139,		1.052835,		60,		0,		22,		inf,		3709467,		-7.376e+08,		-7.376e+08,		-7.376e+08,		4.173,		inf,		-inf,		0,		0,		0,		0,		0,		0,		0.6695,		0.194,		31956,		0,		0,		0,		3906,		0,		0,		0,		16,		0,		0,		0,		2974,		15,		1.068,		
13.291274,		1.082059,		20,		0,		6,		inf,		1284010,		-7.376e+08,		-7.376e+08,		-7.376e+08,		0.5277,		inf,		-inf,		0,		0,		0,		0,		0,		0,		0.7529,		0.2049,		31956,		0,		0,		0,		3906,		0,		0,		0,		24,		0,		0,		0,		3049,		15,		1.155,		
14.297342,		1.005983,		0,		0,		0,		-nan,		0,		inf,		-inf,		0,		-nan,		inf,		-inf,		0,		0,		0,		0,		0,		0,		0.7602,		0.2049,		31956,		0,		0,		0,		3906,		0,		0,		0,		24,		0,		0,		0,		3061,		15,		0.1242,		
15.303048,		1.005613,		0,		0,		0,		-nan,		0,		inf,		-inf,		0,		-nan,		inf,		-inf,		0,		0,		0,		0,		0,		0,		0.7665,		0.2049,		31956,		0,		0,		0,		3906,		0,		0,		0,		24,		0,		0,		0,		3072,		15,		0,		
16.308535,		1.005383,		0,		0,		0,		-nan,		0,		inf,		-inf,		0,		-nan,		inf,		-inf,		0,		0,		0,		0,		0,		0,		0.7729,		0.2052,		31956,		0,		0,		0,		3906,		0,		0,		0,		32,		0,		0,		0,		3087,		15,		0.1243,		
17.315216,		1.006448,		0,		0,		0,		-nan,		0,		inf,		-inf,		0,		-nan,		inf,		-inf,		0,		0,		0,		0,		0,		0,		0.7802,		0.2052,		31956,		0,		0,		0,		3906,		0,		0,		0,		32,		0,		0,		0,		3099,		15,		0.1242,		
18.321140,		1.005827,		0,		0,		0,		-nan,		0,		inf,		-inf,		0,		-nan,		inf,		-inf,		0,		0,		0,		0,		0,		0,		0.7866,		0.2052,		31956,		0,		0,		0,		3906,		0,		0,		0,		40,		0,		0,		0,		3110,		15,		0,		
19.327059,		1.005824,		0,		0,		0,		-nan,		0,		inf,		-inf,		0,		-nan,		inf,		-inf,		0,		0,		0,		0,		0,		0,		0.794,		0.2052,		31956,		0,		0,		0,		3906,		0,		0,		0,		40,		0,		0,		0,		3126,		16,		0.1243,		
20.333527,		1.006377,		0,		0,		0,		-nan,		0,		inf,		-inf,		0,		-nan,		inf,		-inf,		0,		0,		0,		0,		0,		0,		0.8012,		0.2052,		31956,		0,		0,		0,		3906,		0,		0,		0,		40,		0,		0,		0,		3138,		16,		0.1242,		
21.339703,		1.006081,		0,		0,		0,		-nan,		0,		inf,		-inf,		0,		-nan,		inf,		-inf,		0,		0,		0,		0,		0,		0,		0.8079,		0.2052,		31956,		0,		0,		0,		3906,		0,		0,		0,		40,		0,		0,		0,		3149,		16,		0,		
22.345510,		1.005706,		0,		0,		0,		-nan,		0,		inf,		-inf,		0,		-nan,		inf,		-inf,		0,		0,		0,		0,		0,		0,		0.8151,		0.2052,		31956,		0,		0,		0,		3906,		0,		0,		0,		40,		0,		0,		0,		3164,		16,		0.1243,		
23.350922,		1.005174,		0,		0,		0,		-nan,		0,		inf,		-inf,		0,		-nan,		inf,		-inf,		0,		0,		0,		0,		0,		0,		0.8211,		0.2053,		31956,		0,		0,		0,		3906,		0,		0,		0,		40,		0,		0,		0,		3176,		16,		0.1243,		
24.356466,		1.005311,		0,		0,		0,		-nan,		0,		inf,		-inf,		0,		-nan,		inf,		-inf,		0,		0,		0,		0,		0,		0,		0.8273,		0.2056,		31956,		0,		0,		0,		3906,		0,		0,		0,		48,		0,		0,		0,		3187,		16,		0,		
25.361753,		1.005192,		0,		0,		0,		-nan,		0,		inf,		-inf,		0,		-nan,		inf,		-inf,		0,		0,		0,		0,		0,		0,		0.8334,		0.206,		31956,		0,		0,		0,		3906,		0,		0,		0,		48,		0,		0,		0,		3202,		16,		0.1243,		
26.367437,		1.005489,		0,		0,		0,		-nan,		0,		inf,		-inf,		0,		-nan,		inf,		-inf,		0,		0,		0,		0,		0,		0,		0.8397,		0.206,		31956,		0,		0,		0,		3906,		0,		0,		0,		48,		0,		0,		0,		3214,		16,		0,		
27.373873,		1.006334,		0,		0,		0,		-nan,		0,		inf,		-inf,		0,		-nan,		inf,		-inf,		0,		0,		0,		0,		0,		0,		0.8465,		0.206,		31956,		0,		0,		0,		3906,		0,		0,		0,		48,		0,		0,		0,		3225,		16,		0.1242,		
28.379736,		1.005760,		0,		0,		0,		-nan,		0,		inf,		-inf,		0,		-nan,		inf,		-inf,		0,		0,		0,		0,		0,		0,		0.8496,		0.21,		31956,		0,		0,		0,		3906,		0,		0,		0,		48,		0,		0,		0,		3240,		16,		0,		
29.384489,		1.004652,		0,		0,		0,		-nan,		0,		inf,		-inf,		0,		-nan,		inf,		-inf,		0,		0,		0,		0,		0,		0,		0.855,		0.2102,		31956,		0,		0,		0,		3906,		0,		0,		0,		48,		0,		0,		0,		3252,		16,		0.2488,		
30.390860,		1.006135,		0,		0,		0,		-nan,		0,		inf,		-inf,		0,		-nan,		inf,		-inf,		0,		0,		0,		0,		0,		0,		0.862,		0.2102,		31956,		0,		0,		0,		3906,		0,		0,		0,		56,		0,		0,		0,		3263,		16,		0.1242,		
Maximum runtime reached. Exiting.
