Experiment id: 88a0826c-ae6f-4ccc-97fe-e67728901e75
Performance Test Version: 57791ae
Logfile name: 
Communication mean: ROS2
RMW Implementation: rmw_fastrtps_cpp
DDS domain id: 0
QOS: Reliability: RELIABLE Durability: VOLATILE History kind: KEEP_LAST History depth: 10 Sync. pub/sub: 0
Publishing rate: 80
Topic name: Array60k
Maximum runtime (sec): 30
Number of publishers: 0
Number of subscribers: 1
Memory check enabled: 0
Use single participant: 0
With security: 0
Roundtrip Mode: NONE
Ignore seconds from beginning: 1

---EXPERIMENT-START---
T_experiment,	T_loop,	received,	sent,	lost,	relative_loss,	data_received,	latency_min (ms),	latency_max (ms),	latency_mean (ms),	latency_variance (ms),	pub_loop_res_min (ms),	pub_loop_res_max (ms),	pub_loop_res_mean (ms),	pub_loop_res_variance (ms),	sub_loop_res_min (ms),	sub_loop_res_max (ms),	sub_loop_res_mean (ms),	sub_loop_res_variance (ms),	ru_utime,	ru_stime,	ru_maxrss,	ru_ixrss,	ru_idrss,	ru_isrss,	ru_minflt,	ru_majflt,	ru_nswap,	ru_inblock,	ru_oublock,	ru_msgsnd,	ru_msgrcv,	ru_nsignals,	ru_nvcsw,	ru_nivcsw,	cpu_usage (%),	
2.012963,		1.011142,		74,		0,		84,		inf,		4600842,		-7.366e+08,		-7.366e+08,		-7.366e+08,		0.7484,		inf,		-inf,		0,		0,		0,		0,		0,		0,		0.04566,		0.009131,		32512,		0,		0,		0,		3916,		0,		0,		0,		8,		0,		0,		0,		475,		3,		0.2472,		
3.046461,		1.033409,		78,		0,		0,		-nan,		4801090,		-7.366e+08,		-7.366e+08,		-7.366e+08,		0.08342,		inf,		-inf,		0,		0,		0,		0,		0,		0,		0.09297,		0.009296,		32512,		0,		0,		0,		3916,		0,		0,		0,		8,		0,		0,		0,		781,		4,		0.6047,		
4.048760,		1.002210,		81,		0,		0,		-nan,		4994994,		-7.366e+08,		-7.366e+08,		-7.366e+08,		0.1778,		inf,		-inf,		0,		0,		0,		0,		0,		0,		0.1116,		0.009296,		32512,		0,		0,		0,		3916,		0,		0,		0,		8,		0,		0,		0,		1102,		7,		0.2494,		
5.077423,		1.028561,		58,		0,		0,		-nan,		3617532,		-7.366e+08,		-7.366e+08,		-7.366e+08,		5.021,		inf,		-inf,		0,		0,		0,		0,		0,		0,		0.1532,		0.009296,		32512,		0,		0,		0,		3916,		0,		0,		0,		8,		0,		0,		0,		1328,		7,		0.4861,		
6.077698,		1.000204,		89,		0,		3,		inf,		5496557,		-7.366e+08,		-7.366e+08,		-7.366e+08,		1.754,		inf,		-inf,		0,		0,		0,		0,		0,		0,		0.1664,		0.01468,		32512,		0,		0,		0,		3916,		0,		0,		0,		8,		0,		0,		0,		1616,		7,		0.2499,		
7.082620,		1.004832,		86,		0,		0,		-nan,		5345123,		-7.366e+08,		-7.366e+08,		-7.366e+08,		0.8472,		inf,		-inf,		0,		0,		0,		0,		0,		0,		0.1853,		0.02058,		32512,		0,		0,		0,		3916,		0,		0,		0,		8,		0,		0,		0,		1936,		8,		0.3732,		
8.083447,		1.000745,		80,		0,		0,		-nan,		4953592,		-7.366e+08,		-7.366e+08,		-7.366e+08,		0.01841,		inf,		-inf,		0,		0,		0,		0,		0,		0,		0.1984,		0.02681,		32512,		0,		0,		0,		3916,		0,		0,		0,		8,		0,		0,		0,		2255,		8,		0.1249,		
9.087795,		1.004265,		79,		0,		0,		-nan,		4912377,		-7.366e+08,		-7.366e+08,		-7.366e+08,		0.2062,		inf,		-inf,		0,		0,		0,		0,		0,		0,		0.2069,		0.03713,		32512,		0,		0,		0,		3916,		0,		0,		0,		8,		0,		0,		0,		2551,		8,		0.2489,		
10.100277,		1.012407,		80,		0,		0,		-nan,		4956461,		-7.366e+08,		-7.366e+08,		-7.366e+08,		0.2077,		inf,		-inf,		0,		0,		0,		0,		0,		0,		0.2341,		0.03724,		32512,		0,		0,		0,		3916,		0,		0,		0,		8,		0,		0,		0,		2849,		9,		0.3704,		
11.104876,		1.004528,		79,		0,		0,		-nan,		4855889,		-7.366e+08,		-7.366e+08,		-7.366e+08,		0.1528,		inf,		-inf,		0,		0,		0,		0,		0,		0,		0.2444,		0.04344,		32512,		0,		0,		0,		3916,		0,		0,		0,		8,		0,		0,		0,		3151,		9,		0.2489,		
12.105782,		1.000827,		74,		0,		0,		-nan,		4588063,		-7.366e+08,		-7.366e+08,		-7.366e+08,		0.768,		inf,		-inf,		0,		0,		0,		0,		0,		0,		0.2478,		0.05163,		32512,		0,		0,		0,		3916,		0,		0,		0,		8,		0,		0,		0,		3412,		10,		0.1249,		
13.122407,		1.016551,		81,		0,		0,		-nan,		5034860,		-7.366e+08,		-7.366e+08,		-7.366e+08,		0.4933,		inf,		-inf,		0,		0,		0,		0,		0,		0,		0.2772,		0.05647,		32512,		0,		0,		0,		3916,		0,		0,		0,		8,		0,		0,		0,		3701,		11,		0.3689,		
14.136594,		1.014093,		66,		0,		0,		-nan,		4110618,		-7.366e+08,		-7.366e+08,		-7.366e+08,		3.11,		inf,		-inf,		0,		0,		0,		0,		0,		0,		0.3056,		0.05698,		32512,		0,		0,		0,		3916,		0,		0,		0,		8,		0,		0,		0,		3940,		12,		0.3698,		
15.144942,		1.008247,		89,		0,		0,		-nan,		5514181,		-7.366e+08,		-7.366e+08,		-7.366e+08,		1.588,		inf,		-inf,		0,		0,		0,		0,		0,		0,		0.3195,		0.071,		32512,		0,		0,		0,		3916,		0,		0,		0,		16,		0,		0,		0,		4257,		26,		0.3719,		
16.145189,		1.000128,		80,		0,		0,		-nan,		4936642,		-7.366e+08,		-7.366e+08,		-7.366e+08,		1.42,		inf,		-inf,		0,		0,		0,		0,		0,		0,		0.3287,		0.08219,		32512,		0,		0,		0,		3916,		0,		0,		0,		16,		0,		0,		0,		4539,		38,		0.2499,		
17.162500,		1.017218,		86,		0,		0,		-nan,		5345470,		-7.366e+08,		-7.366e+08,		-7.366e+08,		0.9629,		inf,		-inf,		0,		0,		0,		0,		0,		0,		0.3608,		0.08897,		32512,		0,		0,		0,		3916,		0,		0,		0,		16,		0,		0,		0,		4851,		39,		0.4915,		
18.167040,		1.004446,		77,		0,		0,		-nan,		4772393,		-7.366e+08,		-7.366e+08,		-7.366e+08,		0.5127,		inf,		-inf,		0,		0,		0,		0,		0,		0,		0.3834,		0.09081,		32512,		0,		0,		0,		3916,		0,		0,		0,		16,		0,		0,		0,		5130,		39,		0.3733,		
19.167658,		1.000542,		81,		0,		0,		-nan,		5016726,		-7.366e+08,		-7.366e+08,		-7.366e+08,		0.4844,		inf,		-inf,		0,		0,		0,		0,		0,		0,		0.4041,		0.09092,		32512,		0,		0,		0,		3916,		0,		0,		0,		16,		0,		0,		0,		5425,		39,		0.2498,		
20.174467,		1.006730,		78,		0,		0,		-nan,		4852028,		-7.366e+08,		-7.366e+08,		-7.366e+08,		0.1354,		inf,		-inf,		0,		0,		0,		0,		0,		0,		0.4175,		0.1018,		32512,		0,		0,		0,		3916,		0,		0,		0,		16,		0,		0,		0,		5705,		39,		0.2483,		
21.184532,		1.009981,		75,		0,		0,		-nan,		4638965,		-7.366e+08,		-7.366e+08,		-7.366e+08,		2.041,		inf,		-inf,		0,		0,		0,		0,		0,		0,		0.4462,		0.1026,		32512,		0,		0,		0,		3916,		0,		0,		0,		16,		0,		0,		0,		5974,		47,		0.3713,		
22.185276,		1.000621,		85,		0,		0,		-nan,		5232439,		-7.366e+08,		-7.366e+08,		-7.366e+08,		0.7638,		inf,		-inf,		0,		0,		0,		0,		0,		0,		0.462,		0.1103,		32512,		0,		0,		0,		3916,		0,		0,		0,		16,		0,		0,		0,		6299,		47,		0.3747,		
23.185730,		1.000374,		79,		0,		0,		-nan,		4912971,		-7.366e+08,		-7.366e+08,		-7.366e+08,		0.2649,		inf,		-inf,		0,		0,		0,		0,		0,		0,		0.4761,		0.1151,		32512,		0,		0,		0,		3916,		0,		0,		0,		16,		0,		0,		0,		6606,		47,		0.1249,		
24.186602,		1.000779,		80,		0,		0,		-nan,		4975661,		-7.366e+08,		-7.366e+08,		-7.366e+08,		0.1559,		inf,		-inf,		0,		0,		0,		0,		0,		0,		0.4941,		0.1169,		32512,		0,		0,		0,		3916,		0,		0,		0,		16,		0,		0,		0,		6913,		47,		0.2498,		
25.196600,		1.009907,		79,		0,		0,		-nan,		4912205,		-7.366e+08,		-7.366e+08,		-7.366e+08,		0.06254,		inf,		-inf,		0,		0,		0,		0,		0,		0,		0.516,		0.1236,		32512,		0,		0,		0,		3916,		0,		0,		0,		16,		0,		0,		0,		7219,		47,		0.3713,		
26.211105,		1.014427,		81,		0,		0,		-nan,		4989570,		-7.366e+08,		-7.366e+08,		-7.366e+08,		0.108,		inf,		-inf,		0,		0,		0,		0,		0,		0,		0.5497,		0.1264,		32512,		0,		0,		0,		3916,		0,		0,		0,		16,		0,		0,		0,		7533,		47,		0.3696,		
27.220793,		1.009605,		79,		0,		0,		-nan,		4906774,		-7.366e+08,		-7.366e+08,		-7.366e+08,		0.05387,		inf,		-inf,		0,		0,		0,		0,		0,		0,		0.5737,		0.1337,		32512,		0,		0,		0,		3916,		0,		0,		0,		16,		0,		0,		0,		7838,		47,		0.4952,		
28.224783,		1.003912,		78,		0,		0,		-nan,		4808466,		-7.366e+08,		-7.366e+08,		-7.366e+08,		0.1353,		inf,		-inf,		0,		0,		0,		0,		0,		0,		0.5948,		0.1377,		32512,		0,		0,		0,		3916,		0,		0,		0,		16,		0,		0,		0,		8134,		48,		0.249,		
29.242821,		1.017968,		78,		0,		0,		-nan,		4835743,		-7.366e+08,		-7.366e+08,		-7.366e+08,		0.05684,		inf,		-inf,		0,		0,		0,		0,		0,		0,		0.633,		0.1395,		32512,		0,		0,		0,		3916,		0,		0,		0,		16,		0,		0,		0,		8446,		49,		0.4911,		
30.341715,		1.098815,		65,		0,		0,		-nan,		4044539,		-7.366e+08,		-7.366e+08,		-7.366e+08,		0.3231,		inf,		-inf,		0,		0,		0,		0,		0,		0,		0.7513,		0.1395,		32512,		0,		0,		0,		3916,		0,		0,		0,		16,		0,		0,		0,		8738,		52,		1.365,		
Maximum runtime reached. Exiting.
