Experiment id: 5f9b46a9-bdb7-4dcd-b9d5-2e3bf9721689
Performance Test Version: 57791ae
Logfile name: 
Communication mean: ROS2
RMW Implementation: rmw_fastrtps_cpp
DDS domain id: 0
QOS: Reliability: RELIABLE Durability: VOLATILE History kind: KEEP_LAST History depth: 10 Sync. pub/sub: 0
Publishing rate: 120
Topic name: Array60k
Maximum runtime (sec): 30
Number of publishers: 0
Number of subscribers: 1
Memory check enabled: 0
Use single participant: 0
With security: 0
Roundtrip Mode: NONE
Ignore seconds from beginning: 1

---EXPERIMENT-START---
T_experiment,	T_loop,	received,	sent,	lost,	relative_loss,	data_received,	latency_min (ms),	latency_max (ms),	latency_mean (ms),	latency_variance (ms),	pub_loop_res_min (ms),	pub_loop_res_max (ms),	pub_loop_res_mean (ms),	pub_loop_res_variance (ms),	sub_loop_res_min (ms),	sub_loop_res_max (ms),	sub_loop_res_mean (ms),	sub_loop_res_variance (ms),	ru_utime,	ru_stime,	ru_maxrss,	ru_ixrss,	ru_idrss,	ru_isrss,	ru_minflt,	ru_majflt,	ru_nswap,	ru_inblock,	ru_oublock,	ru_msgsnd,	ru_msgrcv,	ru_nsignals,	ru_nvcsw,	ru_nivcsw,	cpu_usage (%),	
2.032252,		1.013054,		79,		0,		0,		-nan,		4883634,		-7.376e+08,		-7.376e+08,		-7.376e+08,		10.5,		inf,		-inf,		0,		0,		0,		0,		0,		0,		0.1109,		0.06006,		32424,		0,		0,		0,		3913,		0,		0,		0,		8,		0,		0,		0,		678,		6,		0.9871,		
3.037697,		1.005352,		80,		0,		0,		-nan,		4974509,		-7.376e+08,		-7.376e+08,		-7.376e+08,		12.17,		inf,		-inf,		0,		0,		0,		0,		0,		0,		0.1471,		0.09015,		32424,		0,		0,		0,		3913,		0,		0,		0,		8,		0,		0,		0,		984,		6,		0.7459,		
4.038111,		1.000319,		86,		0,		0,		-nan,		5318527,		-7.376e+08,		-7.376e+08,		-7.376e+08,		8.036,		inf,		-inf,		0,		0,		0,		0,		0,		0,		0.1828,		0.1125,		32424,		0,		0,		0,		3913,		0,		0,		0,		8,		0,		0,		0,		1234,		7,		0.7497,		
5.046235,		1.007865,		76,		0,		45,		inf,		4728751,		-7.376e+08,		-7.376e+08,		-7.376e+08,		2.415,		inf,		-inf,		0,		0,		0,		0,		0,		0,		0.2159,		0.1227,		32424,		0,		0,		0,		3913,		0,		0,		0,		8,		0,		0,		0,		1358,		8,		0.496,		
6.107686,		1.061361,		19,		0,		6,		inf,		1219573,		-7.376e+08,		-7.376e+08,		-7.376e+08,		0.9283,		inf,		-inf,		0,		0,		0,		0,		0,		0,		0.2839,		0.123,		32424,		0,		0,		0,		3913,		0,		0,		0,		8,		0,		0,		0,		1389,		8,		0.8243,		
7.111682,		1.003923,		0,		0,		0,		-nan,		0,		inf,		-inf,		0,		-nan,		inf,		-inf,		0,		0,		0,		0,		0,		0,		0.2887,		0.1231,		32424,		0,		0,		0,		3913,		0,		0,		0,		8,		0,		0,		0,		1404,		8,		0,		
8.115992,		1.004214,		0,		0,		0,		-nan,		0,		inf,		-inf,		0,		-nan,		inf,		-inf,		0,		0,		0,		0,		0,		0,		0.2935,		0.1231,		32424,		0,		0,		0,		3913,		0,		0,		0,		8,		0,		0,		0,		1415,		8,		0.1245,		
9.121278,		1.005063,		0,		0,		0,		-nan,		0,		inf,		-inf,		0,		-nan,		inf,		-inf,		0,		0,		0,		0,		0,		0,		0.2989,		0.1234,		32424,		0,		0,		0,		3913,		0,		0,		0,		8,		0,		0,		0,		1426,		8,		0,		
10.127443,		1.005939,		0,		0,		0,		-nan,		0,		inf,		-inf,		0,		-nan,		inf,		-inf,		0,		0,		0,		0,		0,		0,		0.3062,		0.1234,		32424,		0,		0,		0,		3913,		0,		0,		0,		8,		0,		0,		0,		1441,		8,		0.1242,		
11.132981,		1.005305,		0,		0,		0,		-nan,		0,		inf,		-inf,		0,		-nan,		inf,		-inf,		0,		0,		0,		0,		0,		0,		0.3123,		0.1234,		32424,		0,		0,		0,		3913,		0,		0,		0,		8,		0,		0,		0,		1453,		8,		0.1243,		
12.139928,		1.006851,		0,		0,		0,		-nan,		0,		inf,		-inf,		0,		-nan,		inf,		-inf,		0,		0,		0,		0,		0,		0,		0.3197,		0.1234,		32424,		0,		0,		0,		3913,		0,		0,		0,		8,		0,		0,		0,		1464,		8,		0,		
13.146535,		1.006510,		0,		0,		0,		-nan,		0,		inf,		-inf,		0,		-nan,		inf,		-inf,		0,		0,		0,		0,		0,		0,		0.327,		0.1234,		32424,		0,		0,		0,		3913,		0,		0,		0,		8,		0,		0,		0,		1478,		8,		0.1242,		
14.152882,		1.006255,		0,		0,		0,		-nan,		0,		inf,		-inf,		0,		-nan,		inf,		-inf,		0,		0,		0,		0,		0,		0,		0.3341,		0.1234,		32424,		0,		0,		0,		3913,		0,		0,		0,		8,		0,		0,		0,		1490,		8,		0.1242,		
15.158741,		1.005762,		0,		0,		0,		-nan,		0,		inf,		-inf,		0,		-nan,		inf,		-inf,		0,		0,		0,		0,		0,		0,		0.341,		0.1234,		32424,		0,		0,		0,		3913,		0,		0,		0,		8,		0,		0,		0,		1501,		8,		0.1243,		
16.164614,		1.005776,		0,		0,		0,		-nan,		0,		inf,		-inf,		0,		-nan,		inf,		-inf,		0,		0,		0,		0,		0,		0,		0.3479,		0.1236,		32424,		0,		0,		0,		3913,		0,		0,		0,		8,		0,		0,		0,		1516,		8,		0,		
17.170330,		1.005623,		0,		0,		0,		-nan,		0,		inf,		-inf,		0,		-nan,		inf,		-inf,		0,		0,		0,		0,		0,		0,		0.3536,		0.124,		32424,		0,		0,		0,		3913,		0,		0,		0,		16,		0,		0,		0,		1527,		8,		0.1243,		
18.175259,		1.004696,		0,		0,		0,		-nan,		0,		inf,		-inf,		0,		-nan,		inf,		-inf,		0,		0,		0,		0,		0,		0,		0.3596,		0.124,		32424,		0,		0,		0,		3913,		0,		0,		0,		16,		0,		0,		0,		1538,		8,		0,		
19.180073,		1.004600,		0,		0,		0,		-nan,		0,		inf,		-inf,		0,		-nan,		inf,		-inf,		0,		0,		0,		0,		0,		0,		0.3652,		0.124,		32424,		0,		0,		0,		3913,		0,		0,		0,		16,		0,		0,		0,		1552,		8,		0.1244,		
20.185209,		1.005040,		0,		0,		0,		-nan,		0,		inf,		-inf,		0,		-nan,		inf,		-inf,		0,		0,		0,		0,		0,		0,		0.3691,		0.126,		32424,		0,		0,		0,		3913,		0,		0,		0,		16,		0,		0,		0,		1564,		8,		0,		
21.189911,		1.004476,		0,		0,		0,		-nan,		0,		inf,		-inf,		0,		-nan,		inf,		-inf,		0,		0,		0,		0,		0,		0,		0.3743,		0.1263,		32424,		0,		0,		0,		3913,		0,		0,		0,		16,		0,		0,		0,		1576,		8,		0.1244,		
22.196728,		1.006724,		0,		0,		0,		-nan,		0,		inf,		-inf,		0,		-nan,		inf,		-inf,		0,		0,		0,		0,		0,		0,		0.3821,		0.1263,		32424,		0,		0,		0,		3913,		0,		0,		0,		16,		0,		0,		0,		1591,		8,		0.1242,		
23.203304,		1.006478,		0,		0,		0,		-nan,		0,		inf,		-inf,		0,		-nan,		inf,		-inf,		0,		0,		0,		0,		0,		0,		0.3892,		0.1263,		32424,		0,		0,		0,		3913,		0,		0,		0,		16,		0,		0,		0,		1603,		8,		0,		
24.209620,		1.006214,		0,		0,		0,		-nan,		0,		inf,		-inf,		0,		-nan,		inf,		-inf,		0,		0,		0,		0,		0,		0,		0.3957,		0.1263,		32424,		0,		0,		0,		3913,		0,		0,		0,		16,		0,		0,		0,		1614,		8,		0.1242,		
25.215715,		1.006003,		0,		0,		0,		-nan,		0,		inf,		-inf,		0,		-nan,		inf,		-inf,		0,		0,		0,		0,		0,		0,		0.4028,		0.1263,		32424,		0,		0,		0,		3913,		0,		0,		0,		16,		0,		0,		0,		1629,		8,		0.1242,		
26.221905,		1.006094,		0,		0,		0,		-nan,		0,		inf,		-inf,		0,		-nan,		inf,		-inf,		0,		0,		0,		0,		0,		0,		0.4093,		0.1263,		32424,		0,		0,		0,		3913,		0,		0,		0,		16,		0,		0,		0,		1640,		8,		0,		
27.227217,		1.005220,		0,		0,		0,		-nan,		0,		inf,		-inf,		0,		-nan,		inf,		-inf,		0,		0,		0,		0,		0,		0,		0.415,		0.1263,		32424,		0,		0,		0,		3913,		0,		0,		0,		16,		0,		0,		0,		1651,		8,		0.1243,		
28.233191,		1.005879,		0,		0,		0,		-nan,		0,		inf,		-inf,		0,		-nan,		inf,		-inf,		0,		0,		0,		0,		0,		0,		0.422,		0.1263,		32424,		0,		0,		0,		3913,		0,		0,		0,		16,		0,		0,		0,		1666,		8,		0.1243,		
29.239353,		1.005937,		0,		0,		0,		-nan,		0,		inf,		-inf,		0,		-nan,		inf,		-inf,		0,		0,		0,		0,		0,		0,		0.4291,		0.1263,		32424,		0,		0,		0,		3913,		0,		0,		0,		16,		0,		0,		0,		1680,		8,		0,		
30.244766,		1.005314,		0,		0,		0,		-nan,		0,		inf,		-inf,		0,		-nan,		inf,		-inf,		0,		0,		0,		0,		0,		0,		0.435,		0.1263,		32424,		0,		0,		0,		3913,		0,		0,		0,		16,		0,		0,		0,		1691,		8,		0.1243,		
Maximum runtime reached. Exiting.
