Experiment id: d555326e-9622-4231-a0f0-6249c6a794a4
Performance Test Version: 57791ae
Logfile name: 
Communication mean: ROS2
RMW Implementation: rmw_fastrtps_cpp
DDS domain id: 0
QOS: Reliability: RELIABLE Durability: VOLATILE History kind: KEEP_LAST History depth: 10 Sync. pub/sub: 0
Publishing rate: 120
Topic name: Array60k
Maximum runtime (sec): 30
Number of publishers: 0
Number of subscribers: 1
Memory check enabled: 0
Use single participant: 0
With security: 0
Roundtrip Mode: NONE
Ignore seconds from beginning: 1

---EXPERIMENT-START---
T_experiment,	T_loop,	received,	sent,	lost,	relative_loss,	data_received,	latency_min (ms),	latency_max (ms),	latency_mean (ms),	latency_variance (ms),	pub_loop_res_min (ms),	pub_loop_res_max (ms),	pub_loop_res_mean (ms),	pub_loop_res_variance (ms),	sub_loop_res_min (ms),	sub_loop_res_max (ms),	sub_loop_res_mean (ms),	sub_loop_res_variance (ms),	ru_utime,	ru_stime,	ru_maxrss,	ru_ixrss,	ru_idrss,	ru_isrss,	ru_minflt,	ru_majflt,	ru_nswap,	ru_inblock,	ru_oublock,	ru_msgsnd,	ru_msgrcv,	ru_nsignals,	ru_nvcsw,	ru_nivcsw,	cpu_usage (%),	
2.023093,		1.019086,		81,		0,		0,		-nan,		5019344,		-7.376e+08,		-7.376e+08,		-7.376e+08,		10.87,		inf,		-inf,		0,		0,		0,		0,		0,		0,		0.1082,		0.06013,		32024,		0,		0,		0,		3907,		0,		0,		0,		8,		0,		0,		0,		710,		5,		0.8586,		
3.025770,		1.002584,		90,		0,		0,		-nan,		5547639,		-7.376e+08,		-7.376e+08,		-7.376e+08,		6.012,		inf,		-inf,		0,		0,		0,		0,		0,		0,		0.1277,		0.1117,		32024,		0,		0,		0,		3907,		0,		0,		0,		8,		0,		0,		0,		1044,		7,		0.8727,		
4.089983,		1.063943,		79,		0,		0,		-nan,		4902743,		-7.376e+08,		-7.376e+08,		-7.376e+08,		9.248,		inf,		-inf,		0,		0,		0,		0,		0,		0,		0.2429,		0.1242,		32024,		0,		0,		0,		3907,		0,		0,		0,		8,		0,		0,		0,		1352,		18,		1.527,		
5.096900,		1.006853,		67,		0,		40,		inf,		4158504,		-7.376e+08,		-7.376e+08,		-7.376e+08,		1.241,		inf,		-inf,		0,		0,		0,		0,		0,		0,		0.2722,		0.1474,		32024,		0,		0,		0,		3907,		0,		0,		0,		8,		0,		0,		0,		1577,		19,		0.6207,		
6.182370,		1.085366,		12,		0,		14,		inf,		793792,		-7.376e+08,		-7.376e+08,		-7.376e+08,		0.1597,		inf,		-inf,		0,		0,		0,		0,		0,		0,		0.3664,		0.1474,		32024,		0,		0,		0,		3907,		0,		0,		0,		8,		0,		0,		0,		1628,		28,		1.036,		
7.187664,		1.005213,		0,		0,		0,		-nan,		0,		inf,		-inf,		0,		-nan,		inf,		-inf,		0,		0,		0,		0,		0,		0,		0.3726,		0.1474,		32024,		0,		0,		0,		3907,		0,		0,		0,		16,		0,		0,		0,		1642,		29,		0.1243,		
8.293454,		1.105561,		0,		0,		0,		-nan,		0,		inf,		-inf,		0,		-nan,		inf,		-inf,		0,		0,		0,		0,		0,		0,		0.4781,		0.1474,		32024,		0,		0,		0,		3907,		0,		0,		0,		16,		0,		0,		0,		1655,		59,		1.13,		
9.298141,		1.004611,		0,		0,		0,		-nan,		0,		inf,		-inf,		0,		-nan,		inf,		-inf,		0,		0,		0,		0,		0,		0,		0.4838,		0.1474,		32024,		0,		0,		0,		3907,		0,		0,		0,		16,		0,		0,		0,		1666,		59,		0.1244,		
10.303481,		1.005164,		0,		0,		0,		-nan,		0,		inf,		-inf,		0,		-nan,		inf,		-inf,		0,		0,		0,		0,		0,		0,		0.4904,		0.1474,		32024,		0,		0,		0,		3907,		0,		0,		0,		16,		0,		0,		0,		1681,		59,		0.1243,		
11.307687,		1.004117,		0,		0,		0,		-nan,		0,		inf,		-inf,		0,		-nan,		inf,		-inf,		0,		0,		0,		0,		0,		0,		0.4957,		0.1474,		32024,		0,		0,		0,		3907,		0,		0,		0,		16,		0,		0,		0,		1693,		60,		0,		
12.313678,		1.005887,		0,		0,		0,		-nan,		0,		inf,		-inf,		0,		-nan,		inf,		-inf,		0,		0,		0,		0,		0,		0,		0.5023,		0.1474,		32024,		0,		0,		0,		3907,		0,		0,		0,		16,		0,		0,		0,		1704,		61,		0.1243,		
13.319773,		1.005994,		0,		0,		0,		-nan,		0,		inf,		-inf,		0,		-nan,		inf,		-inf,		0,		0,		0,		0,		0,		0,		0.5093,		0.1474,		32024,		0,		0,		0,		3907,		0,		0,		0,		24,		0,		0,		0,		1718,		62,		0,		
14.325471,		1.005468,		0,		0,		0,		-nan,		0,		inf,		-inf,		0,		-nan,		inf,		-inf,		0,		0,		0,		0,		0,		0,		0.5154,		0.1474,		32024,		0,		0,		0,		3907,		0,		0,		0,		24,		0,		0,		0,		1729,		64,		0.1243,		
15.330982,		1.005401,		0,		0,		0,		-nan,		0,		inf,		-inf,		0,		-nan,		inf,		-inf,		0,		0,		0,		0,		0,		0,		0.522,		0.1474,		32024,		0,		0,		0,		3907,		0,		0,		0,		24,		0,		0,		0,		1740,		65,		0.1243,		
16.336826,		1.005753,		0,		0,		0,		-nan,		0,		inf,		-inf,		0,		-nan,		inf,		-inf,		0,		0,		0,		0,		0,		0,		0.5291,		0.1474,		32024,		0,		0,		0,		3907,		0,		0,		0,		24,		0,		0,		0,		1754,		65,		0,		
17.343494,		1.006408,		0,		0,		0,		-nan,		0,		inf,		-inf,		0,		-nan,		inf,		-inf,		0,		0,		0,		0,		0,		0,		0.5368,		0.1474,		32024,		0,		0,		0,		3907,		0,		0,		0,		32,		0,		0,		0,		1766,		65,		0.1242,		
18.350367,		1.006784,		0,		0,		0,		-nan,		0,		inf,		-inf,		0,		-nan,		inf,		-inf,		0,		0,		0,		0,		0,		0,		0.5443,		0.1475,		32024,		0,		0,		0,		3907,		0,		0,		0,		32,		0,		0,		0,		1777,		65,		0.1241,		
19.356466,		1.005989,		0,		0,		0,		-nan,		0,		inf,		-inf,		0,		-nan,		inf,		-inf,		0,		0,		0,		0,		0,		0,		0.5516,		0.1475,		32024,		0,		0,		0,		3907,		0,		0,		0,		40,		0,		0,		0,		1792,		65,		0.1242,		
20.362736,		1.006178,		0,		0,		0,		-nan,		0,		inf,		-inf,		0,		-nan,		inf,		-inf,		0,		0,		0,		0,		0,		0,		0.5591,		0.1475,		32024,		0,		0,		0,		3907,		0,		0,		0,		40,		0,		0,		0,		1805,		65,		0,		
21.368355,		1.005527,		0,		0,		0,		-nan,		0,		inf,		-inf,		0,		-nan,		inf,		-inf,		0,		0,		0,		0,		0,		0,		0.5625,		0.1507,		32024,		0,		0,		0,		3907,		0,		0,		0,		40,		0,		0,		0,		1816,		65,		0.2486,		
22.374731,		1.006183,		0,		0,		0,		-nan,		0,		inf,		-inf,		0,		-nan,		inf,		-inf,		0,		0,		0,		0,		0,		0,		0.5699,		0.1513,		32024,		0,		0,		0,		3907,		0,		0,		0,		40,		0,		0,		0,		1832,		66,		0,		
23.380552,		1.005725,		0,		0,		0,		-nan,		0,		inf,		-inf,		0,		-nan,		inf,		-inf,		0,		0,		0,		0,		0,		0,		0.5764,		0.1513,		32024,		0,		0,		0,		3907,		0,		0,		0,		40,		0,		0,		0,		1843,		66,		0.1243,		
24.386101,		1.005454,		0,		0,		0,		-nan,		0,		inf,		-inf,		0,		-nan,		inf,		-inf,		0,		0,		0,		0,		0,		0,		0.583,		0.1513,		32024,		0,		0,		0,		3907,		0,		0,		0,		40,		0,		0,		0,		1854,		66,		0.1243,		
25.392738,		1.006537,		0,		0,		0,		-nan,		0,		inf,		-inf,		0,		-nan,		inf,		-inf,		0,		0,		0,		0,		0,		0,		0.5913,		0.1513,		32024,		0,		0,		0,		3907,		0,		0,		0,		48,		0,		0,		0,		1870,		67,		0.1242,		
26.397943,		1.005110,		0,		0,		0,		-nan,		0,		inf,		-inf,		0,		-nan,		inf,		-inf,		0,		0,		0,		0,		0,		0,		0.5974,		0.1513,		32024,		0,		0,		0,		3907,		0,		0,		0,		48,		0,		0,		0,		1881,		67,		0,		
27.403706,		1.005664,		0,		0,		0,		-nan,		0,		inf,		-inf,		0,		-nan,		inf,		-inf,		0,		0,		0,		0,		0,		0,		0.6039,		0.1513,		32024,		0,		0,		0,		3907,		0,		0,		0,		48,		0,		0,		0,		1892,		68,		0.1243,		
28.409191,		1.005380,		0,		0,		0,		-nan,		0,		inf,		-inf,		0,		-nan,		inf,		-inf,		0,		0,		0,		0,		0,		0,		0.6109,		0.1513,		32024,		0,		0,		0,		3907,		0,		0,		0,		48,		0,		0,		0,		1907,		68,		0.1243,		
29.481230,		1.071941,		4,		0,		2,		inf,		305461,		-7.376e+08,		-7.376e+08,		-7.376e+08,		0.2915,		inf,		-inf,		0,		0,		0,		0,		0,		0,		0.6848,		0.1513,		32024,		0,		0,		0,		3907,		0,		0,		0,		48,		0,		0,		0,		1924,		69,		0.8162,		
30.486645,		1.005323,		0,		0,		0,		-nan,		0,		inf,		-inf,		0,		-nan,		inf,		-inf,		0,		0,		0,		0,		0,		0,		0.6917,		0.1513,		32024,		0,		0,		0,		3907,		0,		0,		0,		48,		0,		0,		0,		1939,		69,		0.1243,		
Maximum runtime reached. Exiting.
