Experiment id: df69913d-f330-411e-923d-8db6cf3b0d19
Performance Test Version: 57791ae
Logfile name: 
Communication mean: ROS2
RMW Implementation: rmw_fastrtps_cpp
DDS domain id: 0
QOS: Reliability: RELIABLE Durability: VOLATILE History kind: KEEP_LAST History depth: 10 Sync. pub/sub: 0
Publishing rate: 80
Topic name: Array60k
Maximum runtime (sec): 30
Number of publishers: 0
Number of subscribers: 1
Memory check enabled: 0
Use single participant: 0
With security: 0
Roundtrip Mode: NONE
Ignore seconds from beginning: 1

---EXPERIMENT-START---
T_experiment,	T_loop,	received,	sent,	lost,	relative_loss,	data_received,	latency_min (ms),	latency_max (ms),	latency_mean (ms),	latency_variance (ms),	pub_loop_res_min (ms),	pub_loop_res_max (ms),	pub_loop_res_mean (ms),	pub_loop_res_variance (ms),	sub_loop_res_min (ms),	sub_loop_res_max (ms),	sub_loop_res_mean (ms),	sub_loop_res_variance (ms),	ru_utime,	ru_stime,	ru_maxrss,	ru_ixrss,	ru_idrss,	ru_isrss,	ru_minflt,	ru_majflt,	ru_nswap,	ru_inblock,	ru_oublock,	ru_msgsnd,	ru_msgrcv,	ru_nsignals,	ru_nvcsw,	ru_nivcsw,	cpu_usage (%),	
2.007119,		1.000842,		90,		0,		0,		-nan,		5558810,		-7.366e+08,		-7.366e+08,		-7.366e+08,		1.989,		inf,		-inf,		0,		0,		0,		0,		0,		0,		0.0709,		0.0709,		32216,		0,		0,		0,		3908,		0,		0,		0,		8,		0,		0,		0,		651,		0,		0.999,		
3.016137,		1.008755,		79,		0,		0,		-nan,		4910074,		-7.366e+08,		-7.366e+08,		-7.366e+08,		0.1848,		inf,		-inf,		0,		0,		0,		0,		0,		0,		0.09337,		0.1141,		32216,		0,		0,		0,		3908,		0,		0,		0,		8,		0,		0,		0,		942,		1,		0.7433,		
4.031020,		1.014794,		67,		0,		0,		-nan,		4142231,		-7.366e+08,		-7.366e+08,		-7.366e+08,		5.366,		inf,		-inf,		0,		0,		0,		0,		0,		0,		0.1373,		0.1373,		32216,		0,		0,		0,		3908,		0,		0,		0,		8,		0,		0,		0,		1209,		3,		0.739,		
5.031792,		1.000685,		77,		0,		0,		-nan,		4785834,		-7.366e+08,		-7.366e+08,		-7.366e+08,		1.026,		inf,		-inf,		0,		0,		0,		0,		0,		0,		0.179,		0.15,		32216,		0,		0,		0,		3908,		0,		0,		0,		8,		0,		0,		0,		1483,		3,		0.6245,		
6.039702,		1.007670,		33,		0,		0,		-nan,		2086697,		-7.366e+08,		-7.366e+08,		-7.366e+08,		47.11,		inf,		-inf,		0,		0,		0,		0,		0,		0,		0.1946,		0.1668,		32216,		0,		0,		0,		3908,		0,		0,		0,		8,		0,		0,		0,		1610,		3,		0.4961,		
7.042990,		1.003189,		49,		0,		0,		-nan,		3049099,		-7.366e+08,		-7.366e+08,		-7.366e+08,		27.48,		inf,		-inf,		0,		0,		0,		0,		0,		0,		0.231,		0.1676,		32216,		0,		0,		0,		3908,		0,		0,		0,		8,		0,		0,		0,		1779,		3,		0.4984,		
8.072574,		1.029358,		63,		0,		0,		-nan,		3920123,		-7.366e+08,		-7.366e+08,		-7.366e+08,		6.233,		inf,		-inf,		0,		0,		0,		0,		0,		0,		0.2956,		0.183,		32216,		0,		0,		0,		3908,		0,		0,		0,		8,		0,		0,		0,		2016,		4,		0.9713,		
9.075844,		1.003201,		49,		0,		0,		-nan,		3044401,		-7.366e+08,		-7.366e+08,		-7.366e+08,		17.5,		inf,		-inf,		0,		0,		0,		0,		0,		0,		0.3167,		0.1998,		32216,		0,		0,		0,		3908,		0,		0,		0,		8,		0,		0,		0,		2211,		5,		0.3738,		
10.140746,		1.064807,		46,		0,		16,		inf,		2878998,		-7.366e+08,		-7.366e+08,		-7.366e+08,		5.112,		inf,		-inf,		0,		0,		0,		0,		0,		0,		0.406,		0.2102,		32216,		0,		0,		0,		3908,		0,		0,		0,		8,		0,		0,		0,		2412,		5,		1.291,		
11.144578,		1.003722,		51,		0,		39,		inf,		3173794,		-7.366e+08,		-7.366e+08,		-7.366e+08,		24.37,		inf,		-inf,		0,		0,		0,		0,		0,		0,		0.4264,		0.2231,		32216,		0,		0,		0,		3908,		0,		0,		0,		8,		0,		0,		0,		2579,		5,		0.3736,		
12.148123,		1.003266,		0,		0,		0,		-nan,		0,		inf,		-inf,		0,		-nan,		inf,		-inf,		0,		0,		0,		0,		0,		0,		0.4277,		0.2262,		32216,		0,		0,		0,		3908,		0,		0,		0,		8,		0,		0,		0,		2590,		5,		0,		
13.151141,		1.002791,		0,		0,		0,		-nan,		0,		inf,		-inf,		0,		-nan,		inf,		-inf,		0,		0,		0,		0,		0,		0,		0.4322,		0.2262,		32216,		0,		0,		0,		3908,		0,		0,		0,		8,		0,		0,		0,		2605,		5,		0.1246,		
14.250525,		1.099289,		4,		0,		2,		inf,		306327,		-7.366e+08,		-7.366e+08,		-7.366e+08,		0.6571,		inf,		-inf,		0,		0,		0,		0,		0,		0,		0.5332,		0.2262,		32216,		0,		0,		0,		3908,		0,		0,		0,		8,		0,		0,		0,		2621,		6,		1.137,		
15.254473,		1.003870,		0,		0,		0,		-nan,		0,		inf,		-inf,		0,		-nan,		inf,		-inf,		0,		0,		0,		0,		0,		0,		0.5376,		0.2262,		32216,		0,		0,		0,		3908,		0,		0,		0,		8,		0,		0,		0,		2632,		6,		0,		
16.258421,		1.003700,		0,		0,		0,		-nan,		0,		inf,		-inf,		0,		-nan,		inf,		-inf,		0,		0,		0,		0,		0,		0,		0.543,		0.2262,		32216,		0,		0,		0,		3908,		0,		0,		0,		16,		0,		0,		0,		2648,		6,		0.1245,		
17.262367,		1.003721,		0,		0,		0,		-nan,		0,		inf,		-inf,		0,		-nan,		inf,		-inf,		0,		0,		0,		0,		0,		0,		0.5476,		0.2262,		32216,		0,		0,		0,		3908,		0,		0,		0,		16,		0,		0,		0,		2659,		7,		0,		
18.268082,		1.005484,		0,		0,		0,		-nan,		0,		inf,		-inf,		0,		-nan,		inf,		-inf,		0,		0,		0,		0,		0,		0,		0.5538,		0.2262,		32216,		0,		0,		0,		3908,		0,		0,		0,		16,		0,		0,		0,		2670,		7,		0.1243,		
19.271349,		1.003169,		0,		0,		0,		-nan,		0,		inf,		-inf,		0,		-nan,		inf,		-inf,		0,		0,		0,		0,		0,		0,		0.5584,		0.2262,		32216,		0,		0,		0,		3908,		0,		0,		0,		16,		0,		0,		0,		2686,		7,		0,		
20.276121,		1.004546,		0,		0,		0,		-nan,		0,		inf,		-inf,		0,		-nan,		inf,		-inf,		0,		0,		0,		0,		0,		0,		0.5638,		0.2262,		32216,		0,		0,		0,		3908,		0,		0,		0,		16,		0,		0,		0,		2698,		8,		0.1244,		
21.279335,		1.002991,		0,		0,		0,		-nan,		0,		inf,		-inf,		0,		-nan,		inf,		-inf,		0,		0,		0,		0,		0,		0,		0.5677,		0.2262,		32216,		0,		0,		0,		3908,		0,		0,		0,		16,		0,		0,		0,		2709,		8,		0,		
22.284790,		1.005226,		0,		0,		0,		-nan,		0,		inf,		-inf,		0,		-nan,		inf,		-inf,		0,		0,		0,		0,		0,		0,		0.5749,		0.2262,		32216,		0,		0,		0,		3908,		0,		0,		0,		16,		0,		0,		0,		2728,		8,		0.1243,		
23.289236,		1.004220,		0,		0,		0,		-nan,		0,		inf,		-inf,		0,		-nan,		inf,		-inf,		0,		0,		0,		0,		0,		0,		0.5799,		0.2262,		32216,		0,		0,		0,		3908,		0,		0,		0,		16,		0,		0,		0,		2739,		8,		0,		
24.293171,		1.003701,		0,		0,		0,		-nan,		0,		inf,		-inf,		0,		-nan,		inf,		-inf,		0,		0,		0,		0,		0,		0,		0.5844,		0.2262,		32216,		0,		0,		0,		3908,		0,		0,		0,		16,		0,		0,		0,		2750,		8,		0.1245,		
25.299009,		1.005611,		0,		0,		0,		-nan,		0,		inf,		-inf,		0,		-nan,		inf,		-inf,		0,		0,		0,		0,		0,		0,		0.5914,		0.2262,		32216,		0,		0,		0,		3908,		0,		0,		0,		16,		0,		0,		0,		2766,		8,		0.1243,		
26.304420,		1.005183,		0,		0,		0,		-nan,		0,		inf,		-inf,		0,		-nan,		inf,		-inf,		0,		0,		0,		0,		0,		0,		0.5979,		0.2262,		32216,		0,		0,		0,		3908,		0,		0,		0,		16,		0,		0,		0,		2777,		8,		0,		
27.310158,		1.005513,		0,		0,		0,		-nan,		0,		inf,		-inf,		0,		-nan,		inf,		-inf,		0,		0,		0,		0,		0,		0,		0.6046,		0.2262,		32216,		0,		0,		0,		3908,		0,		0,		0,		16,		0,		0,		0,		2788,		8,		0.1243,		
28.315920,		1.005620,		0,		0,		0,		-nan,		0,		inf,		-inf,		0,		-nan,		inf,		-inf,		0,		0,		0,		0,		0,		0,		0.6121,		0.2262,		32216,		0,		0,		0,		3908,		0,		0,		0,		16,		0,		0,		0,		2807,		8,		0.1243,		
29.321325,		1.005180,		0,		0,		0,		-nan,		0,		inf,		-inf,		0,		-nan,		inf,		-inf,		0,		0,		0,		0,		0,		0,		0.618,		0.2262,		32216,		0,		0,		0,		3908,		0,		0,		0,		16,		0,		0,		0,		2818,		8,		0,		
30.327391,		1.005834,		0,		0,		0,		-nan,		0,		inf,		-inf,		0,		-nan,		inf,		-inf,		0,		0,		0,		0,		0,		0,		0.6291,		0.2262,		32216,		0,		0,		0,		3908,		0,		0,		0,		16,		0,		0,		0,		2872,		8,		0.1242,		
Maximum runtime reached. Exiting.
