Experiment id: 654f444e-c6c9-46f6-83ee-85978b4338c5
Performance Test Version: 57791ae
Logfile name: 
Communication mean: ROS2
RMW Implementation: rmw_fastrtps_cpp
DDS domain id: 0
QOS: Reliability: RELIABLE Durability: VOLATILE History kind: KEEP_LAST History depth: 10 Sync. pub/sub: 0
Publishing rate: 100
Topic name: Array60k
Maximum runtime (sec): 30
Number of publishers: 0
Number of subscribers: 1
Memory check enabled: 0
Use single participant: 0
With security: 0
Roundtrip Mode: NONE
Ignore seconds from beginning: 1

---EXPERIMENT-START---
T_experiment,	T_loop,	received,	sent,	lost,	relative_loss,	data_received,	latency_min (ms),	latency_max (ms),	latency_mean (ms),	latency_variance (ms),	pub_loop_res_min (ms),	pub_loop_res_max (ms),	pub_loop_res_mean (ms),	pub_loop_res_variance (ms),	sub_loop_res_min (ms),	sub_loop_res_max (ms),	sub_loop_res_mean (ms),	sub_loop_res_variance (ms),	ru_utime,	ru_stime,	ru_maxrss,	ru_ixrss,	ru_idrss,	ru_isrss,	ru_minflt,	ru_majflt,	ru_nswap,	ru_inblock,	ru_oublock,	ru_msgsnd,	ru_msgrcv,	ru_nsignals,	ru_nvcsw,	ru_nivcsw,	cpu_usage (%),	
2.005490,		1.004625,		90,		0,		0,		-nan,		5586331,		-7.366e+08,		-7.366e+08,		-7.366e+08,		0.4005,		inf,		-inf,		0,		0,		0,		0,		0,		0,		0.09824,		0.05403,		31852,		0,		0,		0,		3900,		0,		0,		0,		8,		0,		0,		0,		668,		4,		0.8709,		
3.020756,		1.015020,		98,		0,		0,		-nan,		6053884,		-7.366e+08,		-7.366e+08,		-7.366e+08,		0.2415,		inf,		-inf,		0,		0,		0,		0,		0,		0,		0.1481,		0.08597,		31852,		0,		0,		0,		3900,		0,		0,		0,		8,		0,		0,		0,		1013,		5,		0.985,		
4.031960,		1.011118,		100,		0,		0,		-nan,		6177605,		-7.366e+08,		-7.366e+08,		-7.366e+08,		0.3853,		inf,		-inf,		0,		0,		0,		0,		0,		0,		0.195,		0.1094,		31852,		0,		0,		0,		3900,		0,		0,		0,		8,		0,		0,		0,		1300,		5,		0.8653,		
5.037442,		1.005396,		103,		0,		0,		-nan,		6381455,		-7.366e+08,		-7.366e+08,		-7.366e+08,		0.584,		inf,		-inf,		0,		0,		0,		0,		0,		0,		0.2343,		0.122,		31852,		0,		0,		0,		3900,		0,		0,		0,		8,		0,		0,		0,		1492,		6,		0.7459,		
6.039153,		1.001617,		99,		0,		0,		-nan,		6109362,		-7.366e+08,		-7.366e+08,		-7.366e+08,		0.6114,		inf,		-inf,		0,		0,		0,		0,		0,		0,		0.2516,		0.1519,		31852,		0,		0,		0,		3900,		0,		0,		0,		8,		0,		0,		0,		1673,		6,		0.6239,		
7.042410,		1.003003,		96,		0,		0,		-nan,		5950278,		-7.366e+08,		-7.366e+08,		-7.366e+08,		2.472,		inf,		-inf,		0,		0,		0,		0,		0,		0,		0.2745,		0.1768,		31852,		0,		0,		0,		3900,		0,		0,		0,		8,		0,		0,		0,		1850,		7,		0.4984,		
8.052229,		1.009594,		96,		0,		0,		-nan,		5943205,		-7.366e+08,		-7.366e+08,		-7.366e+08,		0.9879,		inf,		-inf,		0,		0,		0,		0,		0,		0,		0.3143,		0.1923,		31852,		0,		0,		0,		3900,		0,		0,		0,		8,		0,		0,		0,		2033,		8,		0.7427,		
9.059964,		1.007646,		108,		0,		0,		-nan,		6695350,		-7.366e+08,		-7.366e+08,		-7.366e+08,		1.486,		inf,		-inf,		0,		0,		0,		0,		0,		0,		0.3555,		0.2094,		31852,		0,		0,		0,		3900,		0,		0,		0,		8,		0,		0,		0,		2241,		8,		0.6202,		
10.060184,		1.000116,		87,		0,		0,		-nan,		5368014,		-7.366e+08,		-7.366e+08,		-7.366e+08,		2.866,		inf,		-inf,		0,		0,		0,		0,		0,		0,		0.3854,		0.2253,		31852,		0,		0,		0,		3900,		0,		0,		0,		8,		0,		0,		0,		2427,		8,		0.6249,		
11.066424,		1.006010,		104,		0,		0,		-nan,		6450052,		-7.366e+08,		-7.366e+08,		-7.366e+08,		0.4252,		inf,		-inf,		0,		0,		0,		0,		0,		0,		0.4243,		0.2387,		31852,		0,		0,		0,		3900,		0,		0,		0,		8,		0,		0,		0,		2609,		8,		0.6211,		
12.077929,		1.011407,		97,		0,		0,		-nan,		5983786,		-7.366e+08,		-7.366e+08,		-7.366e+08,		0.6773,		inf,		-inf,		0,		0,		0,		0,		0,		0,		0.4504,		0.2702,		31852,		0,		0,		0,		3900,		0,		0,		0,		8,		0,		0,		0,		2802,		9,		0.8651,		
13.089657,		1.011646,		98,		0,		3,		inf,		6078104,		-7.366e+08,		-7.366e+08,		-7.366e+08,		0.9886,		inf,		-inf,		0,		0,		0,		0,		0,		0,		0.4874,		0.2958,		31852,		0,		0,		0,		3900,		0,		0,		0,		8,		0,		0,		0,		3043,		9,		0.6178,		
14.093072,		1.003328,		107,		0,		1,		inf,		6618978,		-7.366e+08,		-7.366e+08,		-7.366e+08,		3.629,		inf,		-inf,		0,		0,		0,		0,		0,		0,		0.5351,		0.3276,		31852,		0,		0,		0,		3900,		0,		0,		0,		8,		0,		0,		0,		3412,		9,		0.9966,		
15.123964,		1.030649,		67,		0,		25,		inf,		4163440,		-7.366e+08,		-7.366e+08,		-7.366e+08,		4.13,		inf,		-inf,		0,		0,		0,		0,		0,		0,		0.5949,		0.3384,		31852,		0,		0,		0,		3900,		0,		0,		0,		8,		0,		0,		0,		3593,		10,		0.8488,		
16.136578,		1.012523,		69,		0,		18,		inf,		4292889,		-7.366e+08,		-7.366e+08,		-7.366e+08,		4.097,		inf,		-inf,		0,		0,		0,		0,		0,		0,		0.6216,		0.3644,		31852,		0,		0,		0,		3900,		0,		0,		0,		16,		0,		0,		0,		3783,		10,		0.7407,		
17.139153,		1.002485,		79,		0,		14,		inf,		4857133,		-7.366e+08,		-7.366e+08,		-7.366e+08,		5.969,		inf,		-inf,		0,		0,		0,		0,		0,		0,		0.6559,		0.3794,		31852,		0,		0,		0,		3900,		0,		0,		0,		16,		0,		0,		0,		3997,		10,		0.4987,		
18.142387,		1.002988,		98,		0,		18,		inf,		6065729,		-7.366e+08,		-7.366e+08,		-7.366e+08,		1.409,		inf,		-inf,		0,		0,		0,		0,		0,		0,		0.6909,		0.3933,		31852,		0,		0,		0,		3900,		0,		0,		0,		16,		0,		0,		0,		4181,		10,		0.7476,		
19.146515,		1.003901,		67,		0,		0,		-nan,		4166479,		-7.366e+08,		-7.366e+08,		-7.366e+08,		9.592,		inf,		-inf,		0,		0,		0,		0,		0,		0,		0.7208,		0.4081,		31852,		0,		0,		0,		3900,		0,		0,		0,		16,		0,		0,		0,		4379,		11,		0.4979,		
20.155289,		1.008612,		94,		0,		0,		-nan,		5813540,		-7.366e+08,		-7.366e+08,		-7.366e+08,		1.037,		inf,		-inf,		0,		0,		0,		0,		0,		0,		0.759,		0.4223,		31852,		0,		0,		0,		3900,		0,		0,		0,		16,		0,		0,		0,		4559,		12,		0.6196,		
21.166586,		1.011207,		93,		0,		0,		-nan,		5726931,		-7.366e+08,		-7.366e+08,		-7.366e+08,		1.321,		inf,		-inf,		0,		0,		0,		0,		0,		0,		0.8065,		0.4438,		31852,		0,		0,		0,		3900,		0,		0,		0,		16,		0,		0,		0,		4873,		12,		0.8652,		
22.176603,		1.009930,		95,		0,		0,		-nan,		5894774,		-7.366e+08,		-7.366e+08,		-7.366e+08,		0.1988,		inf,		-inf,		0,		0,		0,		0,		0,		0,		0.8536,		0.4621,		31852,		0,		0,		0,		3900,		0,		0,		0,		16,		0,		0,		0,		5159,		12,		0.8663,		
23.181229,		1.004530,		81,		0,		0,		-nan,		4991712,		-7.366e+08,		-7.366e+08,		-7.366e+08,		3.135,		inf,		-inf,		0,		0,		0,		0,		0,		0,		0.8887,		0.4937,		31852,		0,		0,		0,		3900,		0,		0,		0,		16,		0,		0,		0,		5460,		12,		0.7466,		
24.182522,		1.001197,		101,		0,		0,		-nan,		6237689,		-7.366e+08,		-7.366e+08,		-7.366e+08,		0.1636,		inf,		-inf,		0,		0,		0,		0,		0,		0,		0.942,		0.5128,		31852,		0,		0,		0,		3900,		0,		0,		0,		16,		0,		0,		0,		5775,		13,		0.9987,		
25.183916,		1.001137,		110,		0,		0,		-nan,		6810568,		-7.366e+08,		-7.366e+08,		-7.366e+08,		0.7844,		inf,		-inf,		0,		0,		0,		0,		0,		0,		0.9874,		0.533,		31852,		0,		0,		0,		3900,		0,		0,		0,		16,		0,		0,		0,		6036,		13,		0.749,		
26.190218,		1.006035,		105,		0,		0,		-nan,		6506234,		-7.366e+08,		-7.366e+08,		-7.366e+08,		0.3592,		inf,		-inf,		0,		0,		0,		0,		0,		0,		1.028,		0.5527,		31852,		0,		0,		0,		3900,		0,		0,		0,		16,		0,		0,		0,		6235,		14,		0.7453,		
27.191105,		1.000779,		97,		0,		0,		-nan,		5986973,		-7.366e+08,		-7.366e+08,		-7.366e+08,		0.2569,		inf,		-inf,		0,		0,		0,		0,		0,		0,		1.064,		0.5626,		31852,		0,		0,		0,		3900,		0,		0,		0,		16,		0,		0,		0,		6418,		14,		0.6244,		
28.208092,		1.016754,		106,		0,		0,		-nan,		6568262,		-7.366e+08,		-7.366e+08,		-7.366e+08,		0.1834,		inf,		-inf,		0,		0,		0,		0,		0,		0,		1.134,		0.5753,		31852,		0,		0,		0,		3900,		0,		0,		0,		16,		0,		0,		0,		6729,		14,		0.9833,		
29.214394,		1.006216,		103,		0,		0,		-nan,		6345643,		-7.366e+08,		-7.366e+08,		-7.366e+08,		0.3047,		inf,		-inf,		0,		0,		0,		0,		0,		0,		1.18,		0.5957,		31852,		0,		0,		0,		3900,		0,		0,		0,		16,		0,		0,		0,		6992,		14,		0.7453,		
30.238468,		1.023979,		90,		0,		0,		-nan,		5556674,		-7.366e+08,		-7.366e+08,		-7.366e+08,		0.3236,		inf,		-inf,		0,		0,		0,		0,		0,		0,		1.248,		0.6018,		31852,		0,		0,		0,		3900,		0,		0,		0,		16,		0,		0,		0,		7211,		16,		0.9765,		
Maximum runtime reached. Exiting.
