Experiment id: a40fe8ac-9090-44ae-b088-4ea06219f71f
Performance Test Version: 57791ae
Logfile name: 
Communication mean: ROS2
RMW Implementation: rmw_fastrtps_cpp
DDS domain id: 0
QOS: Reliability: RELIABLE Durability: VOLATILE History kind: KEEP_LAST History depth: 10 Sync. pub/sub: 0
Publishing rate: 80
Topic name: Array60k
Maximum runtime (sec): 30
Number of publishers: 0
Number of subscribers: 1
Memory check enabled: 0
Use single participant: 0
With security: 0
Roundtrip Mode: NONE
Ignore seconds from beginning: 1

---EXPERIMENT-START---
T_experiment,	T_loop,	received,	sent,	lost,	relative_loss,	data_received,	latency_min (ms),	latency_max (ms),	latency_mean (ms),	latency_variance (ms),	pub_loop_res_min (ms),	pub_loop_res_max (ms),	pub_loop_res_mean (ms),	pub_loop_res_variance (ms),	sub_loop_res_min (ms),	sub_loop_res_max (ms),	sub_loop_res_mean (ms),	sub_loop_res_variance (ms),	ru_utime,	ru_stime,	ru_maxrss,	ru_ixrss,	ru_idrss,	ru_isrss,	ru_minflt,	ru_majflt,	ru_nswap,	ru_inblock,	ru_oublock,	ru_msgsnd,	ru_msgrcv,	ru_nsignals,	ru_nvcsw,	ru_nivcsw,	cpu_usage (%),	
2.018434,		1.014051,		77,		0,		0,		-nan,		4771971,		-7.366e+08,		-7.366e+08,		-7.366e+08,		0.07264,		inf,		-inf,		0,		0,		0,		0,		0,		0,		0.08607,		0.07248,		32020,		0,		0,		0,		3906,		0,		0,		0,		8,		0,		0,		0,		734,		1,		0.8628,		
3.028180,		1.009646,		81,		0,		0,		-nan,		5030046,		-7.366e+08,		-7.366e+08,		-7.366e+08,		0.07085,		inf,		-inf,		0,		0,		0,		0,		0,		0,		0.1347,		0.08977,		32020,		0,		0,		0,		3906,		0,		0,		0,		8,		0,		0,		0,		1046,		1,		0.7428,		
4.040060,		1.011779,		77,		0,		0,		-nan,		4746202,		-7.366e+08,		-7.366e+08,		-7.366e+08,		0.2991,		inf,		-inf,		0,		0,		0,		0,		0,		0,		0.1927,		0.09859,		32020,		0,		0,		0,		3906,		0,		0,		0,		8,		0,		0,		0,		1344,		1,		0.8647,		
5.040691,		1.000540,		81,		0,		0,		-nan,		4981949,		-7.366e+08,		-7.366e+08,		-7.366e+08,		0.3513,		inf,		-inf,		0,		0,		0,		0,		0,		0,		0.2169,		0.1345,		32020,		0,		0,		0,		3906,		0,		0,		0,		8,		0,		0,		0,		1650,		2,		0.7495,		
6.048805,		1.007846,		81,		0,		0,		-nan,		5034745,		-7.366e+08,		-7.366e+08,		-7.366e+08,		0.04251,		inf,		-inf,		0,		0,		0,		0,		0,		0,		0.2561,		0.1509,		32020,		0,		0,		0,		3906,		0,		0,		0,		8,		0,		0,		0,		1850,		2,		0.744,		
7.052765,		1.003861,		80,		0,		0,		-nan,		4938434,		-7.366e+08,		-7.366e+08,		-7.366e+08,		0.07998,		inf,		-inf,		0,		0,		0,		0,		0,		0,		0.2844,		0.176,		32020,		0,		0,		0,		3906,		0,		0,		0,		8,		0,		0,		0,		2097,		2,		0.6225,		
8.053605,		1.000617,		79,		0,		0,		-nan,		4897377,		-7.366e+08,		-7.366e+08,		-7.366e+08,		0.06402,		inf,		-inf,		0,		0,		0,		0,		0,		0,		0.3094,		0.211,		32020,		0,		0,		0,		3906,		0,		0,		0,		8,		0,		0,		0,		2400,		2,		0.7494,		
9.056808,		1.002955,		78,		0,		0,		-nan,		4848934,		-7.366e+08,		-7.366e+08,		-7.366e+08,		0.247,		inf,		-inf,		0,		0,		0,		0,		0,		0,		0.349,		0.2326,		32020,		0,		0,		0,		3906,		0,		0,		0,		8,		0,		0,		0,		2683,		4,		0.7476,		
10.065082,		1.008044,		81,		0,		0,		-nan,		5025041,		-7.366e+08,		-7.366e+08,		-7.366e+08,		0.01852,		inf,		-inf,		0,		0,		0,		0,		0,		0,		0.3943,		0.2567,		32020,		0,		0,		0,		3906,		0,		0,		0,		8,		0,		0,		0,		2995,		4,		0.8678,		
11.068663,		1.003339,		79,		0,		0,		-nan,		4876209,		-7.366e+08,		-7.366e+08,		-7.366e+08,		0.02141,		inf,		-inf,		0,		0,		0,		0,		0,		0,		0.4494,		0.266,		32020,		0,		0,		0,		3906,		0,		0,		0,		8,		0,		0,		0,		3300,		6,		0.7473,		
12.108296,		1.039400,		76,		0,		0,		-nan,		4715069,		-7.366e+08,		-7.366e+08,		-7.366e+08,		0.6387,		inf,		-inf,		0,		0,		0,		0,		0,		0,		0.5365,		0.2799,		32020,		0,		0,		0,		3906,		0,		0,		0,		8,		0,		0,		0,		3591,		7,		1.202,		
13.113305,		1.004942,		82,		0,		0,		-nan,		5083595,		-7.366e+08,		-7.366e+08,		-7.366e+08,		0.5832,		inf,		-inf,		0,		0,		0,		0,		0,		0,		0.5754,		0.3094,		32020,		0,		0,		0,		3906,		0,		0,		0,		8,		0,		0,		0,		3898,		7,		0.8706,		
14.118768,		1.005211,		80,		0,		0,		-nan,		4952472,		-7.366e+08,		-7.366e+08,		-7.366e+08,		0.03165,		inf,		-inf,		0,		0,		0,		0,		0,		0,		0.6178,		0.3334,		32020,		0,		0,		0,		3906,		0,		0,		0,		8,		0,		0,		0,		4207,		7,		0.8703,		
15.127572,		1.008554,		80,		0,		0,		-nan,		4949915,		-7.366e+08,		-7.366e+08,		-7.366e+08,		0.04661,		inf,		-inf,		0,		0,		0,		0,		0,		0,		0.6487,		0.3763,		32020,		0,		0,		0,		3906,		0,		0,		0,		16,		0,		0,		0,		4517,		7,		0.8674,		
16.128061,		1.000394,		78,		0,		0,		-nan,		4815592,		-7.366e+08,		-7.366e+08,		-7.366e+08,		0.03746,		inf,		-inf,		0,		0,		0,		0,		0,		0,		0.6897,		0.3991,		32020,		0,		0,		0,		3906,		0,		0,		0,		16,		0,		0,		0,		4817,		7,		0.7496,		
17.129395,		1.001017,		80,		0,		0,		-nan,		4974114,		-7.366e+08,		-7.366e+08,		-7.366e+08,		0.08004,		inf,		-inf,		0,		0,		0,		0,		0,		0,		0.7321,		0.4233,		32020,		0,		0,		0,		3906,		0,		0,		0,		16,		0,		0,		0,		5118,		7,		0.9987,		
18.143372,		1.013703,		79,		0,		0,		-nan,		4908939,		-7.366e+08,		-7.366e+08,		-7.366e+08,		0.1037,		inf,		-inf,		0,		0,		0,		0,		0,		0,		0.7806,		0.4432,		32020,		0,		0,		0,		3906,		0,		0,		0,		16,		0,		0,		0,		5354,		7,		0.863,		
19.163206,		1.019743,		80,		0,		0,		-nan,		4969921,		-7.366e+08,		-7.366e+08,		-7.366e+08,		0.02259,		inf,		-inf,		0,		0,		0,		0,		0,		0,		0.8375,		0.4591,		32020,		0,		0,		0,		3906,		0,		0,		0,		16,		0,		0,		0,		5618,		8,		0.7354,		
20.185829,		1.022540,		78,		0,		0,		-nan,		4820436,		-7.366e+08,		-7.366e+08,		-7.366e+08,		0.03874,		inf,		-inf,		0,		0,		0,		0,		0,		0,		0.9058,		0.4728,		32020,		0,		0,		0,		3906,		0,		0,		0,		16,		0,		0,		0,		5920,		8,		1.1,		
21.190317,		1.004404,		81,		0,		0,		-nan,		4989102,		-7.366e+08,		-7.366e+08,		-7.366e+08,		0.9156,		inf,		-inf,		0,		0,		0,		0,		0,		0,		0.9485,		0.4947,		32020,		0,		0,		0,		3906,		0,		0,		0,		16,		0,		0,		0,		6212,		8,		0.7466,		
22.191700,		1.001156,		79,		0,		0,		-nan,		4893657,		-7.366e+08,		-7.366e+08,		-7.366e+08,		0.06541,		inf,		-inf,		0,		0,		0,		0,		0,		0,		0.9809,		0.5266,		32020,		0,		0,		0,		3906,		0,		0,		0,		16,		0,		0,		0,		6516,		9,		0.8738,		
23.202971,		1.011009,		80,		0,		0,		-nan,		4972622,		-7.366e+08,		-7.366e+08,		-7.366e+08,		0.02475,		inf,		-inf,		0,		0,		0,		0,		0,		0,		1.03,		0.5542,		32020,		0,		0,		0,		3906,		0,		0,		0,		16,		0,		0,		0,		6826,		10,		0.8653,		
24.204433,		1.001368,		79,		0,		0,		-nan,		4860377,		-7.366e+08,		-7.366e+08,		-7.366e+08,		0.2398,		inf,		-inf,		0,		0,		0,		0,		0,		0,		1.063,		0.5848,		32020,		0,		0,		0,		3906,		0,		0,		0,		16,		0,		0,		0,		7120,		10,		0.8737,		
25.211119,		1.006400,		75,		0,		0,		-nan,		4665237,		-7.366e+08,		-7.366e+08,		-7.366e+08,		0.1871,		inf,		-inf,		0,		0,		0,		0,		0,		0,		1.098,		0.6179,		32020,		0,		0,		0,		3906,		0,		0,		0,		16,		0,		0,		0,		7411,		10,		0.745,		
26.212917,		1.001697,		83,		0,		0,		-nan,		5126482,		-7.366e+08,		-7.366e+08,		-7.366e+08,		0.7972,		inf,		-inf,		0,		0,		0,		0,		0,		0,		1.149,		0.6331,		32020,		0,		0,		0,		3906,		0,		0,		0,		16,		0,		0,		0,		7712,		10,		0.8734,		
27.215540,		1.002363,		76,		0,		0,		-nan,		4724831,		-7.366e+08,		-7.366e+08,		-7.366e+08,		0.5942,		inf,		-inf,		0,		0,		0,		0,		0,		0,		1.186,		0.659,		32020,		0,		0,		0,		3906,		0,		0,		0,		16,		0,		0,		0,		7992,		11,		0.748,		
28.227545,		1.011750,		84,		0,		0,		-nan,		5210508,		-7.366e+08,		-7.366e+08,		-7.366e+08,		0.07256,		inf,		-inf,		0,		0,		0,		0,		0,		0,		1.225,		0.7017,		32020,		0,		0,		0,		3906,		0,		0,		0,		16,		0,		0,		0,		8325,		11,		1.112,		
29.230619,		1.002980,		79,		0,		0,		-nan,		4857054,		-7.366e+08,		-7.366e+08,		-7.366e+08,		0.5485,		inf,		-inf,		0,		0,		0,		0,		0,		0,		1.272,		0.7165,		32020,		0,		0,		0,		3906,		0,		0,		0,		16,		0,		0,		0,		8600,		12,		0.7477,		
30.321770,		1.090918,		61,		0,		0,		-nan,		3797323,		-7.366e+08,		-7.366e+08,		-7.366e+08,		2.408,		inf,		-inf,		0,		0,		0,		0,		0,		0,		1.399,		0.7165,		32020,		0,		0,		0,		3906,		0,		0,		0,		16,		0,		0,		0,		8755,		12,		1.375,		
Maximum runtime reached. Exiting.
