Experiment id: e8c24f5d-5e04-4f93-a7fc-2ceeee696f33
Performance Test Version: 57791ae
Logfile name: 
Communication mean: ROS2
RMW Implementation: rmw_fastrtps_cpp
DDS domain id: 0
QOS: Reliability: RELIABLE Durability: VOLATILE History kind: KEEP_LAST History depth: 10 Sync. pub/sub: 0
Publishing rate: 100
Topic name: Array60k
Maximum runtime (sec): 30
Number of publishers: 0
Number of subscribers: 1
Memory check enabled: 0
Use single participant: 0
With security: 0
Roundtrip Mode: NONE
Ignore seconds from beginning: 1

---EXPERIMENT-START---
T_experiment,	T_loop,	received,	sent,	lost,	relative_loss,	data_received,	latency_min (ms),	latency_max (ms),	latency_mean (ms),	latency_variance (ms),	pub_loop_res_min (ms),	pub_loop_res_max (ms),	pub_loop_res_mean (ms),	pub_loop_res_variance (ms),	sub_loop_res_min (ms),	sub_loop_res_max (ms),	sub_loop_res_mean (ms),	sub_loop_res_variance (ms),	ru_utime,	ru_stime,	ru_maxrss,	ru_ixrss,	ru_idrss,	ru_isrss,	ru_minflt,	ru_majflt,	ru_nswap,	ru_inblock,	ru_oublock,	ru_msgsnd,	ru_msgrcv,	ru_nsignals,	ru_nvcsw,	ru_nivcsw,	cpu_usage (%),	
2.025466,		1.004462,		68,		0,		0,		-nan,		4213449,		-7.366e+08,		-7.366e+08,		-7.366e+08,		6.806,		inf,		-inf,		0,		0,		0,		0,		0,		0,		0.05281,		0.03169,		31776,		0,		0,		0,		3898,		0,		0,		0,		8,		0,		0,		0,		635,		3,		0.3733,		
3.049565,		1.024005,		66,		0,		6,		inf,		4098846,		-7.366e+08,		-7.366e+08,		-7.366e+08,		9.753,		inf,		-inf,		0,		0,		0,		0,		0,		0,		0.09254,		0.03239,		31776,		0,		0,		0,		3898,		0,		0,		0,		8,		0,		0,		0,		877,		4,		0.4882,		
4.060910,		1.011253,		88,		0,		1,		inf,		5461000,		-7.366e+08,		-7.366e+08,		-7.366e+08,		2.21,		inf,		-inf,		0,		0,		0,		0,		0,		0,		0.1176,		0.03921,		31776,		0,		0,		0,		3898,		0,		0,		0,		8,		0,		0,		0,		1165,		6,		0.2472,		
5.061966,		1.000976,		105,		0,		0,		-nan,		6502124,		-7.366e+08,		-7.366e+08,		-7.366e+08,		0.5371,		inf,		-inf,		0,		0,		0,		0,		0,		0,		0.1358,		0.04849,		31776,		0,		0,		0,		3898,		0,		0,		0,		8,		0,		0,		0,		1525,		9,		0.3746,		
6.062928,		1.000864,		96,		0,		0,		-nan,		5954726,		-7.366e+08,		-7.366e+08,		-7.366e+08,		0.1335,		inf,		-inf,		0,		0,		0,		0,		0,		0,		0.1561,		0.05202,		31776,		0,		0,		0,		3898,		0,		0,		0,		8,		0,		0,		0,		1871,		9,		0.3746,		
7.063872,		1.000839,		91,		0,		0,		-nan,		5648590,		-7.366e+08,		-7.366e+08,		-7.366e+08,		0.4319,		inf,		-inf,		0,		0,		0,		0,		0,		0,		0.169,		0.06145,		31776,		0,		0,		0,		3898,		0,		0,		0,		8,		0,		0,		0,		2199,		10,		0.2498,		
8.069599,		1.005643,		89,		0,		0,		-nan,		5525936,		-7.366e+08,		-7.366e+08,		-7.366e+08,		1.09,		inf,		-inf,		0,		0,		0,		0,		0,		0,		0.18,		0.08051,		31776,		0,		0,		0,		3898,		0,		0,		0,		8,		0,		0,		0,		2519,		13,		0.3729,		
9.082952,		1.013265,		71,		0,		24,		inf,		4399606,		-7.366e+08,		-7.366e+08,		-7.366e+08,		0.7186,		inf,		-inf,		0,		0,		0,		0,		0,		0,		0.2038,		0.08547,		31776,		0,		0,		0,		3898,		0,		0,		0,		8,		0,		0,		0,		2756,		14,		0.3701,		
10.109083,		1.026043,		35,		0,		1,		inf,		2183344,		-7.366e+08,		-7.366e+08,		-7.366e+08,		0.6625,		inf,		-inf,		0,		0,		0,		0,		0,		0,		0.2349,		0.08927,		31776,		0,		0,		0,		3899,		0,		0,		0,		8,		0,		0,		0,		2876,		15,		0.3655,		
11.127622,		1.018453,		1,		0,		0,		-nan,		119775,		-7.366e+08,		-7.366e+08,		-7.366e+08,		0.02523,		inf,		-inf,		0,		0,		0,		0,		0,		0,		0.2543,		0.08927,		31776,		0,		0,		0,		3899,		0,		0,		0,		8,		0,		0,		0,		2892,		15,		0.2455,		
12.128633,		1.000912,		0,		0,		0,		-nan,		0,		inf,		-inf,		0,		-nan,		inf,		-inf,		0,		0,		0,		0,		0,		0,		0.2557,		0.08927,		31776,		0,		0,		0,		3899,		0,		0,		0,		8,		0,		0,		0,		2903,		15,		0,		
13.129654,		1.000931,		0,		0,		0,		-nan,		0,		inf,		-inf,		0,		-nan,		inf,		-inf,		0,		0,		0,		0,		0,		0,		0.2574,		0.08927,		31776,		0,		0,		0,		3899,		0,		0,		0,		8,		0,		0,		0,		2918,		15,		0,		
14.130678,		1.000939,		0,		0,		0,		-nan,		0,		inf,		-inf,		0,		-nan,		inf,		-inf,		0,		0,		0,		0,		0,		0,		0.2588,		0.0894,		31776,		0,		0,		0,		3899,		0,		0,		0,		8,		0,		0,		0,		2930,		15,		0,		
15.131686,		1.000918,		0,		0,		0,		-nan,		0,		inf,		-inf,		0,		-nan,		inf,		-inf,		0,		0,		0,		0,		0,		0,		0.2602,		0.0894,		31776,		0,		0,		0,		3899,		0,		0,		0,		8,		0,		0,		0,		2941,		15,		0.1249,		
16.132717,		1.000937,		0,		0,		0,		-nan,		0,		inf,		-inf,		0,		-nan,		inf,		-inf,		0,		0,		0,		0,		0,		0,		0.2619,		0.0894,		31776,		0,		0,		0,		3899,		0,		0,		0,		16,		0,		0,		0,		2956,		15,		0,		
17.133738,		1.000928,		0,		0,		0,		-nan,		0,		inf,		-inf,		0,		-nan,		inf,		-inf,		0,		0,		0,		0,		0,		0,		0.2635,		0.0894,		31776,		0,		0,		0,		3899,		0,		0,		0,		16,		0,		0,		0,		2968,		15,		0,		
18.134760,		1.000931,		0,		0,		0,		-nan,		0,		inf,		-inf,		0,		-nan,		inf,		-inf,		0,		0,		0,		0,		0,		0,		0.2649,		0.0894,		31776,		0,		0,		0,		3899,		0,		0,		0,		16,		0,		0,		0,		2979,		15,		0,		
19.135752,		1.000896,		0,		0,		0,		-nan,		0,		inf,		-inf,		0,		-nan,		inf,		-inf,		0,		0,		0,		0,		0,		0,		0.2649,		0.09105,		31776,		0,		0,		0,		3899,		0,		0,		0,		16,		0,		0,		0,		2994,		16,		0.1249,		
20.136827,		1.000990,		0,		0,		0,		-nan,		0,		inf,		-inf,		0,		-nan,		inf,		-inf,		0,		0,		0,		0,		0,		0,		0.2659,		0.09167,		31776,		0,		0,		0,		3899,		0,		0,		0,		16,		0,		0,		0,		3006,		16,		0,		
21.137835,		1.000910,		0,		0,		0,		-nan,		0,		inf,		-inf,		0,		-nan,		inf,		-inf,		0,		0,		0,		0,		0,		0,		0.2669,		0.09203,		31776,		0,		0,		0,		3899,		0,		0,		0,		16,		0,		0,		0,		3017,		16,		0,		
22.138824,		1.000899,		0,		0,		0,		-nan,		0,		inf,		-inf,		0,		-nan,		inf,		-inf,		0,		0,		0,		0,		0,		0,		0.2681,		0.09245,		31776,		0,		0,		0,		3899,		0,		0,		0,		16,		0,		0,		0,		3032,		16,		0,		
23.139830,		1.000914,		0,		0,		0,		-nan,		0,		inf,		-inf,		0,		-nan,		inf,		-inf,		0,		0,		0,		0,		0,		0,		0.2692,		0.09283,		31776,		0,		0,		0,		3899,		0,		0,		0,		16,		0,		0,		0,		3044,		16,		0,		
24.140827,		1.000903,		0,		0,		0,		-nan,		0,		inf,		-inf,		0,		-nan,		inf,		-inf,		0,		0,		0,		0,		0,		0,		0.2703,		0.09319,		31776,		0,		0,		0,		3899,		0,		0,		0,		16,		0,		0,		0,		3055,		16,		0.1249,		
25.141861,		1.000941,		0,		0,		0,		-nan,		0,		inf,		-inf,		0,		-nan,		inf,		-inf,		0,		0,		0,		0,		0,		0,		0.2716,		0.09364,		31776,		0,		0,		0,		3899,		0,		0,		0,		16,		0,		0,		0,		3070,		16,		0,		
26.142885,		1.000935,		0,		0,		0,		-nan,		0,		inf,		-inf,		0,		-nan,		inf,		-inf,		0,		0,		0,		0,		0,		0,		0.2726,		0.09401,		31776,		0,		0,		0,		3899,		0,		0,		0,		16,		0,		0,		0,		3081,		16,		0,		
27.143875,		1.000885,		0,		0,		0,		-nan,		0,		inf,		-inf,		0,		-nan,		inf,		-inf,		0,		0,		0,		0,		0,		0,		0.274,		0.09401,		31776,		0,		0,		0,		3899,		0,		0,		0,		16,		0,		0,		0,		3092,		16,		0,		
28.144852,		1.000884,		0,		0,		0,		-nan,		0,		inf,		-inf,		0,		-nan,		inf,		-inf,		0,		0,		0,		0,		0,		0,		0.2756,		0.09401,		31776,		0,		0,		0,		3899,		0,		0,		0,		16,		0,		0,		0,		3107,		16,		0,		
29.145880,		1.000947,		0,		0,		0,		-nan,		0,		inf,		-inf,		0,		-nan,		inf,		-inf,		0,		0,		0,		0,		0,		0,		0.2772,		0.09401,		31776,		0,		0,		0,		3899,		0,		0,		0,		16,		0,		0,		0,		3119,		16,		0,		
30.146868,		1.000892,		0,		0,		0,		-nan,		0,		inf,		-inf,		0,		-nan,		inf,		-inf,		0,		0,		0,		0,		0,		0,		0.2785,		0.09401,		31776,		0,		0,		0,		3899,		0,		0,		0,		16,		0,		0,		0,		3130,		16,		0,		
Maximum runtime reached. Exiting.
