Experiment id: f89148d6-99b6-45ee-94fb-8ef951a2f652
Performance Test Version: 57791ae
Logfile name: 
Communication mean: ROS2
RMW Implementation: rmw_fastrtps_cpp
DDS domain id: 0
QOS: Reliability: RELIABLE Durability: VOLATILE History kind: KEEP_LAST History depth: 10 Sync. pub/sub: 0
Publishing rate: 120
Topic name: Array60k
Maximum runtime (sec): 30
Number of publishers: 0
Number of subscribers: 1
Memory check enabled: 0
Use single participant: 0
With security: 0
Roundtrip Mode: NONE
Ignore seconds from beginning: 1

---EXPERIMENT-START---
T_experiment,	T_loop,	received,	sent,	lost,	relative_loss,	data_received,	latency_min (ms),	latency_max (ms),	latency_mean (ms),	latency_variance (ms),	pub_loop_res_min (ms),	pub_loop_res_max (ms),	pub_loop_res_mean (ms),	pub_loop_res_variance (ms),	sub_loop_res_min (ms),	sub_loop_res_max (ms),	sub_loop_res_mean (ms),	sub_loop_res_variance (ms),	ru_utime,	ru_stime,	ru_maxrss,	ru_ixrss,	ru_idrss,	ru_isrss,	ru_minflt,	ru_majflt,	ru_nswap,	ru_inblock,	ru_oublock,	ru_msgsnd,	ru_msgrcv,	ru_nsignals,	ru_nvcsw,	ru_nivcsw,	cpu_usage (%),	
2.030200,		1.028531,		63,		0,		3,		inf,		3925713,		-7.376e+08,		-7.376e+08,		-7.376e+08,		10.13,		inf,		-inf,		0,		0,		0,		0,		0,		0,		0.1198,		0.03832,		31848,		0,		0,		0,		3904,		0,		0,		0,		8,		0,		0,		0,		622,		5,		0.8506,		
3.048485,		1.018195,		86,		0,		0,		-nan,		5319607,		-7.376e+08,		-7.376e+08,		-7.376e+08,		15.33,		inf,		-inf,		0,		0,		0,		0,		0,		0,		0.1641,		0.0718,		31848,		0,		0,		0,		3904,		0,		0,		0,		8,		0,		0,		0,		916,		9,		1.105,		
4.088470,		1.039757,		74,		0,		1,		inf,		4584389,		-7.376e+08,		-7.376e+08,		-7.376e+08,		9.435,		inf,		-inf,		0,		0,		0,		0,		0,		0,		0.2577,		0.0758,		31848,		0,		0,		0,		3904,		0,		0,		0,		8,		0,		0,		0,		1195,		11,		1.082,		
5.181877,		1.093331,		51,		0,		42,		inf,		3192700,		-7.376e+08,		-7.376e+08,		-7.376e+08,		1.18,		inf,		-inf,		0,		0,		0,		0,		0,		0,		0.3746,		0.08535,		31848,		0,		0,		0,		3904,		0,		0,		0,		8,		0,		0,		0,		1367,		11,		1.486,		
6.186665,		1.004694,		0,		0,		0,		-nan,		0,		inf,		-inf,		0,		-nan,		inf,		-inf,		0,		0,		0,		0,		0,		0,		0.3803,		0.08557,		31848,		0,		0,		0,		3904,		0,		0,		0,		8,		0,		0,		0,		1378,		11,		0.1244,		
7.191103,		1.004339,		0,		0,		0,		-nan,		0,		inf,		-inf,		0,		-nan,		inf,		-inf,		0,		0,		0,		0,		0,		0,		0.3864,		0.08557,		31848,		0,		0,		0,		3904,		0,		0,		0,		8,		0,		0,		0,		1393,		12,		0,		
8.195702,		1.004496,		0,		0,		0,		-nan,		0,		inf,		-inf,		0,		-nan,		inf,		-inf,		0,		0,		0,		0,		0,		0,		0.3916,		0.08557,		31848,		0,		0,		0,		3904,		0,		0,		0,		8,		0,		0,		0,		1405,		12,		0.1244,		
9.201311,		1.005515,		0,		0,		0,		-nan,		0,		inf,		-inf,		0,		-nan,		inf,		-inf,		0,		0,		0,		0,		0,		0,		0.3976,		0.08557,		31848,		0,		0,		0,		3904,		0,		0,		0,		8,		0,		0,		0,		1416,		12,		0,		
10.206907,		1.005501,		0,		0,		0,		-nan,		0,		inf,		-inf,		0,		-nan,		inf,		-inf,		0,		0,		0,		0,		0,		0,		0.4047,		0.08565,		31848,		0,		0,		0,		3904,		0,		0,		0,		8,		0,		0,		0,		1432,		12,		0.1243,		
11.211867,		1.004866,		0,		0,		0,		-nan,		0,		inf,		-inf,		0,		-nan,		inf,		-inf,		0,		0,		0,		0,		0,		0,		0.4082,		0.08814,		31848,		0,		0,		0,		3904,		0,		0,		0,		8,		0,		0,		0,		1443,		12,		0,		
12.217210,		1.005246,		0,		0,		0,		-nan,		0,		inf,		-inf,		0,		-nan,		inf,		-inf,		0,		0,		0,		0,		0,		0,		0.4142,		0.08843,		31848,		0,		0,		0,		3904,		0,		0,		0,		8,		0,		0,		0,		1454,		12,		0.1243,		
13.222258,		1.004813,		0,		0,		0,		-nan,		0,		inf,		-inf,		0,		-nan,		inf,		-inf,		0,		0,		0,		0,		0,		0,		0.4199,		0.08865,		31848,		0,		0,		0,		3904,		0,		0,		0,		8,		0,		0,		0,		1468,		12,		0,		
14.227910,		1.005553,		0,		0,		0,		-nan,		0,		inf,		-inf,		0,		-nan,		inf,		-inf,		0,		0,		0,		0,		0,		0,		0.4266,		0.08865,		31848,		0,		0,		0,		3904,		0,		0,		0,		8,		0,		0,		0,		1481,		12,		0.1243,		
15.233535,		1.005527,		0,		0,		0,		-nan,		0,		inf,		-inf,		0,		-nan,		inf,		-inf,		0,		0,		0,		0,		0,		0,		0.4329,		0.08865,		31848,		0,		0,		0,		3904,		0,		0,		0,		8,		0,		0,		0,		1492,		12,		0.1243,		
16.239536,		1.005905,		0,		0,		0,		-nan,		0,		inf,		-inf,		0,		-nan,		inf,		-inf,		0,		0,		0,		0,		0,		0,		0.4401,		0.08865,		31848,		0,		0,		0,		3904,		0,		0,		0,		8,		0,		0,		0,		1507,		12,		0.1243,		
17.244972,		1.005327,		0,		0,		0,		-nan,		0,		inf,		-inf,		0,		-nan,		inf,		-inf,		0,		0,		0,		0,		0,		0,		0.4461,		0.08865,		31848,		0,		0,		0,		3904,		0,		0,		0,		16,		0,		0,		0,		1519,		12,		0,		
18.251448,		1.006377,		0,		0,		0,		-nan,		0,		inf,		-inf,		0,		-nan,		inf,		-inf,		0,		0,		0,		0,		0,		0,		0.4535,		0.08865,		31848,		0,		0,		0,		3904,		0,		0,		0,		16,		0,		0,		0,		1530,		12,		0.1242,		
19.257853,		1.006309,		0,		0,		0,		-nan,		0,		inf,		-inf,		0,		-nan,		inf,		-inf,		0,		0,		0,		0,		0,		0,		0.461,		0.08865,		31848,		0,		0,		0,		3904,		0,		0,		0,		16,		0,		0,		0,		1545,		12,		0.1242,		
20.263449,		1.005500,		0,		0,		0,		-nan,		0,		inf,		-inf,		0,		-nan,		inf,		-inf,		0,		0,		0,		0,		0,		0,		0.4673,		0.08865,		31848,		0,		0,		0,		3904,		0,		0,		0,		16,		0,		0,		0,		1557,		12,		0,		
21.269241,		1.005564,		0,		0,		0,		-nan,		0,		inf,		-inf,		0,		-nan,		inf,		-inf,		0,		0,		0,		0,		0,		0,		0.4735,		0.08865,		31848,		0,		0,		0,		3904,		0,		0,		0,		16,		0,		0,		0,		1569,		12,		0.1243,		
22.275427,		1.006086,		0,		0,		0,		-nan,		0,		inf,		-inf,		0,		-nan,		inf,		-inf,		0,		0,		0,		0,		0,		0,		0.4808,		0.08865,		31848,		0,		0,		0,		3904,		0,		0,		0,		16,		0,		0,		0,		1583,		12,		0.1242,		
23.281586,		1.006061,		0,		0,		0,		-nan,		0,		inf,		-inf,		0,		-nan,		inf,		-inf,		0,		0,		0,		0,		0,		0,		0.4883,		0.08865,		31848,		0,		0,		0,		3904,		0,		0,		0,		16,		0,		0,		0,		1596,		12,		0,		
24.286554,		1.004869,		0,		0,		0,		-nan,		0,		inf,		-inf,		0,		-nan,		inf,		-inf,		0,		0,		0,		0,		0,		0,		0.494,		0.08865,		31848,		0,		0,		0,		3904,		0,		0,		0,		16,		0,		0,		0,		1607,		12,		0.1244,		
25.292084,		1.005297,		0,		0,		0,		-nan,		0,		inf,		-inf,		0,		-nan,		inf,		-inf,		0,		0,		0,		0,		0,		0,		0.5009,		0.08865,		31848,		0,		0,		0,		3904,		0,		0,		0,		16,		0,		0,		0,		1623,		12,		0.1243,		
26.296110,		1.003776,		0,		0,		0,		-nan,		0,		inf,		-inf,		0,		-nan,		inf,		-inf,		0,		0,		0,		0,		0,		0,		0.5057,		0.08865,		31848,		0,		0,		0,		3904,		0,		0,		0,		16,		0,		0,		0,		1634,		12,		0,		
27.302080,		1.005740,		0,		0,		0,		-nan,		0,		inf,		-inf,		0,		-nan,		inf,		-inf,		0,		0,		0,		0,		0,		0,		0.5123,		0.08865,		31848,		0,		0,		0,		3904,		0,		0,		0,		16,		0,		0,		0,		1645,		12,		0.1243,		
28.307837,		1.005664,		0,		0,		0,		-nan,		0,		inf,		-inf,		0,		-nan,		inf,		-inf,		0,		0,		0,		0,		0,		0,		0.5193,		0.08865,		31848,		0,		0,		0,		3904,		0,		0,		0,		16,		0,		0,		0,		1660,		12,		0,		
29.313433,		1.005370,		0,		0,		0,		-nan,		0,		inf,		-inf,		0,		-nan,		inf,		-inf,		0,		0,		0,		0,		0,		0,		0.5261,		0.08865,		31848,		0,		0,		0,		3904,		0,		0,		0,		16,		0,		0,		0,		1675,		12,		0.1243,		
30.318411,		1.004880,		0,		0,		0,		-nan,		0,		inf,		-inf,		0,		-nan,		inf,		-inf,		0,		0,		0,		0,		0,		0,		0.5325,		0.08865,		31848,		0,		0,		0,		3904,		0,		0,		0,		16,		0,		0,		0,		1690,		12,		0.1244,		
Maximum runtime reached. Exiting.
