Experiment id: d8ae1271-3885-4e42-a19f-5b11e761acc4
Performance Test Version: 57791ae
Logfile name: 
Communication mean: ROS2
RMW Implementation: rmw_fastrtps_cpp
DDS domain id: 0
QOS: Reliability: RELIABLE Durability: VOLATILE History kind: KEEP_LAST History depth: 10 Sync. pub/sub: 0
Publishing rate: 80
Topic name: Array60k
Maximum runtime (sec): 30
Number of publishers: 0
Number of subscribers: 1
Memory check enabled: 0
Use single participant: 0
With security: 0
Roundtrip Mode: NONE
Ignore seconds from beginning: 1

---EXPERIMENT-START---
T_experiment,	T_loop,	received,	sent,	lost,	relative_loss,	data_received,	latency_min (ms),	latency_max (ms),	latency_mean (ms),	latency_variance (ms),	pub_loop_res_min (ms),	pub_loop_res_max (ms),	pub_loop_res_mean (ms),	pub_loop_res_variance (ms),	sub_loop_res_min (ms),	sub_loop_res_max (ms),	sub_loop_res_mean (ms),	sub_loop_res_variance (ms),	ru_utime,	ru_stime,	ru_maxrss,	ru_ixrss,	ru_idrss,	ru_isrss,	ru_minflt,	ru_majflt,	ru_nswap,	ru_inblock,	ru_oublock,	ru_msgsnd,	ru_msgrcv,	ru_nsignals,	ru_nvcsw,	ru_nivcsw,	cpu_usage (%),	
2.010096,		1.005262,		0,		0,		0,		-nan,		0,		inf,		-inf,		0,		-nan,		inf,		-inf,		0,		0,		0,		0,		0,		0,		0.03545,		0.0176,		31732,		0,		0,		0,		3890,		0,		0,		0,		8,		0,		0,		0,		182,		6,		0.1243,		
3.016130,		1.005820,		25,		0,		195,		inf,		1590047,		-7.366e+08,		-7.366e+08,		-7.366e+08,		5.042,		inf,		-inf,		0,		0,		0,		0,		0,		0,		0.05915,		0.0176,		31732,		0,		0,		0,		3905,		0,		0,		0,		8,		0,		0,		0,		276,		10,		0.2485,		
4.019745,		1.003379,		68,		0,		15,		inf,		4213120,		-7.366e+08,		-7.366e+08,		-7.366e+08,		5.625,		inf,		-inf,		0,		0,		0,		0,		0,		0,		0.09453,		0.03336,		31732,		0,		0,		0,		3905,		0,		0,		0,		8,		0,		0,		0,		519,		11,		0.7473,		
5.109358,		1.089375,		88,		0,		0,		-nan,		5452206,		-7.366e+08,		-7.366e+08,		-7.366e+08,		0.8672,		inf,		-inf,		0,		0,		0,		0,		0,		0,		0.1988,		0.06913,		31732,		0,		0,		0,		3905,		0,		0,		0,		8,		0,		0,		0,		752,		11,		1.491,		
6.121737,		1.012300,		84,		0,		1,		inf,		5187587,		-7.366e+08,		-7.366e+08,		-7.366e+08,		5.597,		inf,		-inf,		0,		0,		0,		0,		0,		0,		0.2286,		0.09414,		31732,		0,		0,		0,		3905,		0,		0,		0,		8,		0,		0,		0,		923,		15,		0.7408,		
7.141794,		1.019971,		81,		0,		0,		-nan,		4979603,		-7.366e+08,		-7.366e+08,		-7.366e+08,		0.09593,		inf,		-inf,		0,		0,		0,		0,		0,		0,		0.2745,		0.117,		31732,		0,		0,		0,		3905,		0,		0,		0,		8,		0,		0,		0,		1175,		22,		0.8578,		
8.158749,		1.016752,		80,		0,		0,		-nan,		4940337,		-7.366e+08,		-7.366e+08,		-7.366e+08,		0.02802,		inf,		-inf,		0,		0,		0,		0,		0,		0,		0.3379,		0.1307,		31732,		0,		0,		0,		3905,		0,		0,		0,		8,		0,		0,		0,		1485,		31,		0.9833,		
9.164513,		1.005680,		79,		0,		0,		-nan,		4895198,		-7.366e+08,		-7.366e+08,		-7.366e+08,		0.1221,		inf,		-inf,		0,		0,		0,		0,		0,		0,		0.3804,		0.1504,		31732,		0,		0,		0,		3905,		0,		0,		0,		8,		0,		0,		0,		1801,		35,		0.87,		
10.175300,		1.010694,		80,		0,		0,		-nan,		4949174,		-7.366e+08,		-7.366e+08,		-7.366e+08,		0.07433,		inf,		-inf,		0,		0,		0,		0,		0,		0,		0.4286,		0.1723,		31732,		0,		0,		0,		3905,		0,		0,		0,		8,		0,		0,		0,		2113,		40,		0.742,		
11.176123,		1.000593,		79,		0,		0,		-nan,		4863557,		-7.366e+08,		-7.366e+08,		-7.366e+08,		0.01612,		inf,		-inf,		0,		0,		0,		0,		0,		0,		0.465,		0.2012,		31732,		0,		0,		0,		3905,		0,		0,		0,		8,		0,		0,		0,		2426,		43,		0.8743,		
12.179758,		1.003372,		79,		0,		0,		-nan,		4911217,		-7.366e+08,		-7.366e+08,		-7.366e+08,		0.0217,		inf,		-inf,		0,		0,		0,		0,		0,		0,		0.5137,		0.2208,		31732,		0,		0,		0,		3905,		0,		0,		0,		8,		0,		0,		0,		2732,		44,		0.8718,		
13.188352,		1.008353,		80,		0,		0,		-nan,		4960826,		-7.366e+08,		-7.366e+08,		-7.366e+08,		0.02445,		inf,		-inf,		0,		0,		0,		0,		0,		0,		0.5521,		0.251,		31732,		0,		0,		0,		3905,		0,		0,		0,		8,		0,		0,		0,		3043,		44,		0.8676,		
14.189352,		1.000909,		76,		0,		0,		-nan,		4691514,		-7.366e+08,		-7.366e+08,		-7.366e+08,		0.07392,		inf,		-inf,		0,		0,		0,		0,		0,		0,		0.5883,		0.2726,		31732,		0,		0,		0,		3905,		0,		0,		0,		8,		0,		0,		0,		3340,		44,		0.6244,		
15.203472,		1.013827,		83,		0,		0,		-nan,		5157004,		-7.366e+08,		-7.366e+08,		-7.366e+08,		0.06883,		inf,		-inf,		0,		0,		0,		0,		0,		0,		0.6393,		0.2987,		31732,		0,		0,		0,		3905,		0,		0,		0,		8,		0,		0,		0,		3649,		44,		0.8628,		
16.206373,		1.002796,		77,		0,		0,		-nan,		4786889,		-7.366e+08,		-7.366e+08,		-7.366e+08,		0.04465,		inf,		-inf,		0,		0,		0,		0,		0,		0,		0.6715,		0.3149,		31732,		0,		0,		0,		3905,		0,		0,		0,		16,		0,		0,		0,		3871,		45,		0.7478,		
17.215776,		1.009308,		81,		0,		0,		-nan,		5026153,		-7.366e+08,		-7.366e+08,		-7.366e+08,		0.4712,		inf,		-inf,		0,		0,		0,		0,		0,		0,		0.7076,		0.3287,		31732,		0,		0,		0,		3905,		0,		0,		0,		16,		0,		0,		0,		4033,		45,		0.4953,		
18.216639,		1.000764,		79,		0,		0,		-nan,		4871283,		-7.366e+08,		-7.366e+08,		-7.366e+08,		0.09228,		inf,		-inf,		0,		0,		0,		0,		0,		0,		0.7312,		0.3447,		31732,		0,		0,		0,		3905,		0,		0,		0,		16,		0,		0,		0,		4190,		45,		0.6245,		
19.238083,		1.021215,		80,		0,		0,		-nan,		4971896,		-7.366e+08,		-7.366e+08,		-7.366e+08,		0.0167,		inf,		-inf,		0,		0,		0,		0,		0,		0,		0.7895,		0.3626,		31732,		0,		0,		0,		3905,		0,		0,		0,		16,		0,		0,		0,		4474,		45,		0.8566,		
20.247644,		1.009480,		79,		0,		0,		-nan,		4875549,		-7.366e+08,		-7.366e+08,		-7.366e+08,		0.01943,		inf,		-inf,		0,		0,		0,		0,		0,		0,		0.8423,		0.3744,		31732,		0,		0,		0,		3905,		0,		0,		0,		16,		0,		0,		0,		4791,		45,		0.8667,		
21.256289,		1.008554,		79,		0,		0,		-nan,		4868483,		-7.366e+08,		-7.366e+08,		-7.366e+08,		0.04657,		inf,		-inf,		0,		0,		0,		0,		0,		0,		0.8821,		0.3988,		31732,		0,		0,		0,		3905,		0,		0,		0,		16,		0,		0,		0,		5095,		45,		0.7436,		
22.264383,		1.008004,		81,		0,		0,		-nan,		4997295,		-7.366e+08,		-7.366e+08,		-7.366e+08,		0.04753,		inf,		-inf,		0,		0,		0,		0,		0,		0,		0.935,		0.4135,		31732,		0,		0,		0,		3905,		0,		0,		0,		16,		0,		0,		0,		5419,		46,		0.868,		
23.276052,		1.011565,		80,		0,		0,		-nan,		4937654,		-7.366e+08,		-7.366e+08,		-7.366e+08,		0.1718,		inf,		-inf,		0,		0,		0,		0,		0,		0,		0.9719,		0.4501,		31732,		0,		0,		0,		3905,		0,		0,		0,		16,		0,		0,		0,		5719,		47,		0.9885,		
24.284775,		1.008633,		79,		0,		0,		-nan,		4858111,		-7.366e+08,		-7.366e+08,		-7.366e+08,		0.1013,		inf,		-inf,		0,		0,		0,		0,		0,		0,		0.9968,		0.4792,		31732,		0,		0,		0,		3905,		0,		0,		0,		16,		0,		0,		0,		5925,		47,		0.4957,		
25.285950,		1.001087,		79,		0,		0,		-nan,		4874052,		-7.366e+08,		-7.366e+08,		-7.366e+08,		0.01959,		inf,		-inf,		0,		0,		0,		0,		0,		0,		1.036,		0.4939,		31732,		0,		0,		0,		3905,		0,		0,		0,		16,		0,		0,		0,		6182,		47,		0.7491,		
26.288450,		1.002272,		77,		0,		0,		-nan,		4789458,		-7.366e+08,		-7.366e+08,		-7.366e+08,		0.0677,		inf,		-inf,		0,		0,		0,		0,		0,		0,		1.064,		0.5059,		31732,		0,		0,		0,		3905,		0,		0,		0,		16,		0,		0,		0,		6337,		47,		0.4988,		
27.288824,		1.000150,		82,		0,		0,		-nan,		5087866,		-7.366e+08,		-7.366e+08,		-7.366e+08,		0.3025,		inf,		-inf,		0,		0,		0,		0,		0,		0,		1.077,		0.5338,		31732,		0,		0,		0,		3905,		0,		0,		0,		16,		0,		0,		0,		6499,		47,		0.4998,		
28.295128,		1.006077,		68,		0,		0,		-nan,		4239096,		-7.366e+08,		-7.366e+08,		-7.366e+08,		5.565,		inf,		-inf,		0,		0,		0,		0,		0,		0,		1.118,		0.5424,		31732,		0,		0,		0,		3905,		0,		0,		0,		16,		0,		0,		0,		6725,		47,		0.6211,		
29.302925,		1.007704,		86,		0,		0,		-nan,		5311554,		-7.366e+08,		-7.366e+08,		-7.366e+08,		0.7286,		inf,		-inf,		0,		0,		0,		0,		0,		0,		1.161,		0.5733,		31732,		0,		0,		0,		3905,		0,		0,		0,		16,		0,		0,		0,		7036,		47,		0.9923,		
30.316027,		1.013007,		61,		0,		0,		-nan,		3780237,		-7.366e+08,		-7.366e+08,		-7.366e+08,		0.172,		inf,		-inf,		0,		0,		0,		0,		0,		0,		1.218,		0.5733,		31732,		0,		0,		0,		3905,		0,		0,		0,		16,		0,		0,		0,		7301,		47,		0.6169,		
Maximum runtime reached. Exiting.
