Experiment id: 1f96d5b7-3350-4638-8b07-b990a7ad7aa9
Performance Test Version: 57791ae
Logfile name: 
Communication mean: ROS2
RMW Implementation: rmw_fastrtps_cpp
DDS domain id: 0
QOS: Reliability: RELIABLE Durability: VOLATILE History kind: KEEP_LAST History depth: 10 Sync. pub/sub: 0
Publishing rate: 120
Topic name: Array60k
Maximum runtime (sec): 30
Number of publishers: 0
Number of subscribers: 1
Memory check enabled: 0
Use single participant: 0
With security: 0
Roundtrip Mode: NONE
Ignore seconds from beginning: 1

---EXPERIMENT-START---
T_experiment,	T_loop,	received,	sent,	lost,	relative_loss,	data_received,	latency_min (ms),	latency_max (ms),	latency_mean (ms),	latency_variance (ms),	pub_loop_res_min (ms),	pub_loop_res_max (ms),	pub_loop_res_mean (ms),	pub_loop_res_variance (ms),	sub_loop_res_min (ms),	sub_loop_res_max (ms),	sub_loop_res_mean (ms),	sub_loop_res_variance (ms),	ru_utime,	ru_stime,	ru_maxrss,	ru_ixrss,	ru_idrss,	ru_isrss,	ru_minflt,	ru_majflt,	ru_nswap,	ru_inblock,	ru_oublock,	ru_msgsnd,	ru_msgrcv,	ru_nsignals,	ru_nvcsw,	ru_nivcsw,	cpu_usage (%),	
2.036349,		1.006970,		98,		0,		0,		-nan,		6029904,		-7.376e+08,		-7.376e+08,		-7.376e+08,		4.029,		inf,		-inf,		0,		0,		0,		0,		0,		0,		0.1114,		0.05795,		32436,		0,		0,		0,		3910,		0,		0,		0,		8,		0,		0,		0,		560,		6,		0.7448,		
3.040031,		1.003582,		83,		0,		0,		-nan,		5127953,		-7.376e+08,		-7.376e+08,		-7.376e+08,		8.998,		inf,		-inf,		0,		0,		0,		0,		0,		0,		0.1426,		0.06866,		32436,		0,		0,		0,		3910,		0,		0,		0,		8,		0,		0,		0,		712,		6,		0.4982,		
4.069275,		1.028997,		74,		0,		0,		-nan,		4590000,		-7.376e+08,		-7.376e+08,		-7.376e+08,		11.01,		inf,		-inf,		0,		0,		0,		0,		0,		0,		0.2141,		0.07582,		32436,		0,		0,		0,		3910,		0,		0,		0,		8,		0,		0,		0,		953,		8,		0.9716,		
5.077789,		1.008440,		69,		0,		0,		-nan,		4299945,		-7.376e+08,		-7.376e+08,		-7.376e+08,		11.57,		inf,		-inf,		0,		0,		0,		0,		0,		0,		0.2322,		0.1181,		32436,		0,		0,		0,		3910,		0,		0,		0,		8,		0,		0,		0,		1215,		9,		0.7437,		
6.115977,		1.038092,		36,		0,		57,		inf,		2254431,		-7.376e+08,		-7.376e+08,		-7.376e+08,		0.7593,		inf,		-inf,		0,		0,		0,		0,		0,		0,		0.2818,		0.1349,		32436,		0,		0,		0,		3910,		0,		0,		0,		8,		0,		0,		0,		1352,		10,		0.8428,		
7.121072,		1.004989,		0,		0,		0,		-nan,		0,		inf,		-inf,		0,		-nan,		inf,		-inf,		0,		0,		0,		0,		0,		0,		0.2882,		0.1349,		32436,		0,		0,		0,		3910,		0,		0,		0,		8,		0,		0,		0,		1367,		11,		0,		
8.126365,		1.005196,		0,		0,		0,		-nan,		0,		inf,		-inf,		0,		-nan,		inf,		-inf,		0,		0,		0,		0,		0,		0,		0.2939,		0.135,		32436,		0,		0,		0,		3910,		0,		0,		0,		8,		0,		0,		0,		1378,		11,		0.1243,		
9.132815,		1.006225,		0,		0,		0,		-nan,		0,		inf,		-inf,		0,		-nan,		inf,		-inf,		0,		0,		0,		0,		0,		0,		0.3008,		0.135,		32436,		0,		0,		0,		3910,		0,		0,		0,		8,		0,		0,		0,		1389,		11,		0.1242,		
10.138579,		1.005670,		0,		0,		0,		-nan,		0,		inf,		-inf,		0,		-nan,		inf,		-inf,		0,		0,		0,		0,		0,		0,		0.3071,		0.1356,		32436,		0,		0,		0,		3910,		0,		0,		0,		8,		0,		0,		0,		1404,		11,		0,		
11.144258,		1.005583,		0,		0,		0,		-nan,		0,		inf,		-inf,		0,		-nan,		inf,		-inf,		0,		0,		0,		0,		0,		0,		0.3135,		0.1356,		32436,		0,		0,		0,		3910,		0,		0,		0,		8,		0,		0,		0,		1416,		11,		0.1243,		
12.150733,		1.006382,		0,		0,		0,		-nan,		0,		inf,		-inf,		0,		-nan,		inf,		-inf,		0,		0,		0,		0,		0,		0,		0.3204,		0.1362,		32436,		0,		0,		0,		3910,		0,		0,		0,		8,		0,		0,		0,		1427,		11,		0.1242,		
13.156606,		1.005775,		0,		0,		0,		-nan,		0,		inf,		-inf,		0,		-nan,		inf,		-inf,		0,		0,		0,		0,		0,		0,		0.3273,		0.1362,		32436,		0,		0,		0,		3910,		0,		0,		0,		8,		0,		0,		0,		1441,		11,		0,		
14.162288,		1.005455,		0,		0,		0,		-nan,		0,		inf,		-inf,		0,		-nan,		inf,		-inf,		0,		0,		0,		0,		0,		0,		0.3336,		0.1362,		32436,		0,		0,		0,		3910,		0,		0,		0,		8,		0,		0,		0,		1453,		11,		0.1243,		
15.168247,		1.005862,		0,		0,		0,		-nan,		0,		inf,		-inf,		0,		-nan,		inf,		-inf,		0,		0,		0,		0,		0,		0,		0.3385,		0.1378,		32436,		0,		0,		0,		3910,		0,		0,		0,		8,		0,		0,		0,		1464,		11,		0,		
16.173368,		1.004894,		0,		0,		0,		-nan,		0,		inf,		-inf,		0,		-nan,		inf,		-inf,		0,		0,		0,		0,		0,		0,		0.3443,		0.1385,		32436,		0,		0,		0,		3910,		0,		0,		0,		8,		0,		0,		0,		1478,		11,		0.1244,		
17.179911,		1.006273,		0,		0,		0,		-nan,		0,		inf,		-inf,		0,		-nan,		inf,		-inf,		0,		0,		0,		0,		0,		0,		0.3505,		0.1394,		32436,		0,		0,		0,		3910,		0,		0,		0,		16,		0,		0,		0,		1490,		11,		0.1242,		
18.186134,		1.006127,		0,		0,		0,		-nan,		0,		inf,		-inf,		0,		-nan,		inf,		-inf,		0,		0,		0,		0,		0,		0,		0.3536,		0.143,		32436,		0,		0,		0,		3910,		0,		0,		0,		16,		0,		0,		0,		1501,		11,		0.1242,		
19.193064,		1.006835,		0,		0,		0,		-nan,		0,		inf,		-inf,		0,		-nan,		inf,		-inf,		0,		0,		0,		0,		0,		0,		0.3616,		0.1431,		32436,		0,		0,		0,		3910,		0,		0,		0,		16,		0,		0,		0,		1516,		11,		0.1241,		
20.198486,		1.005326,		0,		0,		0,		-nan,		0,		inf,		-inf,		0,		-nan,		inf,		-inf,		0,		0,		0,		0,		0,		0,		0.3671,		0.1436,		32436,		0,		0,		0,		3910,		0,		0,		0,		16,		0,		0,		0,		1528,		11,		0,		
21.204254,		1.005657,		0,		0,		0,		-nan,		0,		inf,		-inf,		0,		-nan,		inf,		-inf,		0,		0,		0,		0,		0,		0,		0.3735,		0.1436,		32436,		0,		0,		0,		3910,		0,		0,		0,		16,		0,		0,		0,		1540,		11,		0.1243,		
22.210493,		1.006003,		0,		0,		0,		-nan,		0,		inf,		-inf,		0,		-nan,		inf,		-inf,		0,		0,		0,		0,		0,		0,		0.3803,		0.1441,		32436,		0,		0,		0,		3910,		0,		0,		0,		16,		0,		0,		0,		1555,		11,		0.1242,		
23.216858,		1.006198,		0,		0,		0,		-nan,		0,		inf,		-inf,		0,		-nan,		inf,		-inf,		0,		0,		0,		0,		0,		0,		0.3874,		0.1441,		32436,		0,		0,		0,		3910,		0,		0,		0,		16,		0,		0,		0,		1567,		11,		0,		
24.223377,		1.006422,		0,		0,		0,		-nan,		0,		inf,		-inf,		0,		-nan,		inf,		-inf,		0,		0,		0,		0,		0,		0,		0.3943,		0.1441,		32436,		0,		0,		0,		3910,		0,		0,		0,		16,		0,		0,		0,		1578,		12,		0.1242,		
25.229317,		1.005838,		0,		0,		0,		-nan,		0,		inf,		-inf,		0,		-nan,		inf,		-inf,		0,		0,		0,		0,		0,		0,		0.4013,		0.1441,		32436,		0,		0,		0,		3910,		0,		0,		0,		16,		0,		0,		0,		1593,		12,		0.1243,		
26.235264,		1.005853,		0,		0,		0,		-nan,		0,		inf,		-inf,		0,		-nan,		inf,		-inf,		0,		0,		0,		0,		0,		0,		0.4077,		0.1441,		32436,		0,		0,		0,		3910,		0,		0,		0,		16,		0,		0,		0,		1604,		12,		0,		
27.240812,		1.005336,		0,		0,		0,		-nan,		0,		inf,		-inf,		0,		-nan,		inf,		-inf,		0,		0,		0,		0,		0,		0,		0.4142,		0.1441,		32436,		0,		0,		0,		3910,		0,		0,		0,		16,		0,		0,		0,		1615,		12,		0.1243,		
28.245861,		1.004821,		0,		0,		0,		-nan,		0,		inf,		-inf,		0,		-nan,		inf,		-inf,		0,		0,		0,		0,		0,		0,		0.4203,		0.1441,		32436,		0,		0,		0,		3910,		0,		0,		0,		16,		0,		0,		0,		1630,		12,		0.1244,		
29.251965,		1.005874,		0,		0,		0,		-nan,		0,		inf,		-inf,		0,		-nan,		inf,		-inf,		0,		0,		0,		0,		0,		0,		0.4262,		0.1447,		32436,		0,		0,		0,		3910,		0,		0,		0,		16,		0,		0,		0,		1641,		12,		0,		
30.257095,		1.005029,		0,		0,		0,		-nan,		0,		inf,		-inf,		0,		-nan,		inf,		-inf,		0,		0,		0,		0,		0,		0,		0.4318,		0.1453,		32436,		0,		0,		0,		3910,		0,		0,		0,		16,		0,		0,		0,		1652,		12,		0.1244,		
Maximum runtime reached. Exiting.
