Experiment id: fb979c02-3427-40b2-86b8-63253d1368ed
Performance Test Version: 57791ae
Logfile name: 
Communication mean: ROS2
RMW Implementation: rmw_fastrtps_cpp
DDS domain id: 0
QOS: Reliability: RELIABLE Durability: VOLATILE History kind: KEEP_LAST History depth: 10 Sync. pub/sub: 0
Publishing rate: 80
Topic name: Array60k
Maximum runtime (sec): 30
Number of publishers: 0
Number of subscribers: 1
Memory check enabled: 0
Use single participant: 0
With security: 0
Roundtrip Mode: NONE
Ignore seconds from beginning: 1

---EXPERIMENT-START---
T_experiment,	T_loop,	received,	sent,	lost,	relative_loss,	data_received,	latency_min (ms),	latency_max (ms),	latency_mean (ms),	latency_variance (ms),	pub_loop_res_min (ms),	pub_loop_res_max (ms),	pub_loop_res_mean (ms),	pub_loop_res_variance (ms),	sub_loop_res_min (ms),	sub_loop_res_max (ms),	sub_loop_res_mean (ms),	sub_loop_res_variance (ms),	ru_utime,	ru_stime,	ru_maxrss,	ru_ixrss,	ru_idrss,	ru_isrss,	ru_minflt,	ru_majflt,	ru_nswap,	ru_inblock,	ru_oublock,	ru_msgsnd,	ru_msgrcv,	ru_nsignals,	ru_nvcsw,	ru_nivcsw,	cpu_usage (%),	
2.008255,		1.002166,		79,		0,		0,		-nan,		4886182,		-7.366e+08,		-7.366e+08,		-7.366e+08,		0.3152,		inf,		-inf,		0,		0,		0,		0,		0,		0,		0.09954,		0.03555,		32088,		0,		0,		0,		3909,		0,		0,		0,		8,		0,		0,		0,		618,		2,		0.6236,		
3.008771,		1.000259,		79,		0,		0,		-nan,		4906552,		-7.366e+08,		-7.366e+08,		-7.366e+08,		0.02988,		inf,		-inf,		0,		0,		0,		0,		0,		0,		0.1174,		0.07416,		32088,		0,		0,		0,		3909,		0,		0,		0,		8,		0,		0,		0,		922,		3,		0.7496,		
4.018816,		1.009807,		80,		0,		0,		-nan,		4973345,		-7.366e+08,		-7.366e+08,		-7.366e+08,		0.07322,		inf,		-inf,		0,		0,		0,		0,		0,		0,		0.1561,		0.1003,		32088,		0,		0,		0,		3909,		0,		0,		0,		8,		0,		0,		0,		1231,		3,		0.8663,		
5.022003,		1.003094,		78,		0,		0,		-nan,		4806902,		-7.366e+08,		-7.366e+08,		-7.366e+08,		0.02437,		inf,		-inf,		0,		0,		0,		0,		0,		0,		0.1882,		0.1141,		32088,		0,		0,		0,		3909,		0,		0,		0,		8,		0,		0,		0,		1432,		3,		0.4984,		
6.034554,		1.012318,		81,		0,		0,		-nan,		5023033,		-7.366e+08,		-7.366e+08,		-7.366e+08,		0.05772,		inf,		-inf,		0,		0,		0,		0,		0,		0,		0.241,		0.1141,		32088,		0,		0,		0,		3909,		0,		0,		0,		8,		0,		0,		0,		1593,		4,		0.7407,		
7.108626,		1.073979,		63,		0,		0,		-nan,		3884711,		-7.366e+08,		-7.366e+08,		-7.366e+08,		2.997,		inf,		-inf,		0,		0,		0,		0,		0,		0,		0.3482,		0.1194,		32088,		0,		0,		0,		3909,		0,		0,		0,		8,		0,		0,		0,		1777,		4,		1.164,		
8.200864,		1.092172,		21,		0,		2,		inf,		1316129,		-7.366e+08,		-7.366e+08,		-7.366e+08,		50.15,		inf,		-inf,		0,		0,		0,		0,		0,		0,		0.4528,		0.1194,		32088,		0,		0,		0,		3909,		0,		0,		0,		8,		0,		0,		0,		1849,		5,		1.259,		
9.216197,		1.015251,		47,		0,		0,		-nan,		2925881,		-7.366e+08,		-7.366e+08,		-7.366e+08,		21.89,		inf,		-inf,		0,		0,		0,		0,		0,		0,		0.493,		0.1257,		32088,		0,		0,		0,		3909,		0,		0,		0,		8,		0,		0,		0,		2018,		6,		0.6156,		
10.230764,		1.014336,		104,		0,		30,		inf,		6417097,		-7.366e+08,		-7.366e+08,		-7.366e+08,		71.24,		inf,		-inf,		0,		0,		0,		0,		0,		0,		0.5585,		0.1396,		32088,		0,		0,		0,		3909,		0,		0,		0,		8,		0,		0,		0,		2335,		6,		0.8624,		
11.246214,		1.015360,		116,		0,		0,		-nan,		7148610,		-7.366e+08,		-7.366e+08,		-7.366e+08,		19.87,		inf,		-inf,		0,		0,		0,		0,		0,		0,		0.6136,		0.1546,		32088,		0,		0,		0,		3909,		0,		0,		0,		8,		0,		0,		0,		2555,		9,		0.9848,		
12.247718,		1.001427,		97,		0,		0,		-nan,		5989703,		-7.366e+08,		-7.366e+08,		-7.366e+08,		6.609,		inf,		-inf,		0,		0,		0,		0,		0,		0,		0.6482,		0.1679,		32088,		0,		0,		0,		3909,		0,		0,		0,		8,		0,		0,		0,		2747,		9,		0.4992,		
13.255922,		1.007970,		80,		0,		0,		-nan,		4970808,		-7.366e+08,		-7.366e+08,		-7.366e+08,		0.071,		inf,		-inf,		0,		0,		0,		0,		0,		0,		0.6707,		0.1989,		32088,		0,		0,		0,		3909,		0,		0,		0,		8,		0,		0,		0,		2965,		9,		0.7439,		
14.256227,		1.000212,		79,		0,		0,		-nan,		4878238,		-7.366e+08,		-7.366e+08,		-7.366e+08,		0.02931,		inf,		-inf,		0,		0,		0,		0,		0,		0,		0.7041,		0.2052,		32088,		0,		0,		0,		3909,		0,		0,		0,		8,		0,		0,		0,		3126,		10,		0.4998,		
15.279468,		1.023013,		79,		0,		0,		-nan,		4912429,		-7.366e+08,		-7.366e+08,		-7.366e+08,		0.02153,		inf,		-inf,		0,		0,		0,		0,		0,		0,		0.7578,		0.2131,		32088,		0,		0,		0,		3909,		0,		0,		0,		8,		0,		0,		0,		3287,		10,		0.733,		
16.280149,		1.000592,		80,		0,		0,		-nan,		4927387,		-7.366e+08,		-7.366e+08,		-7.366e+08,		0.02391,		inf,		-inf,		0,		0,		0,		0,		0,		0,		0.789,		0.2381,		32088,		0,		0,		0,		3909,		0,		0,		0,		16,		0,		0,		0,		3575,		10,		0.6246,		
17.281164,		1.000767,		79,		0,		0,		-nan,		4912635,		-7.366e+08,		-7.366e+08,		-7.366e+08,		0.04331,		inf,		-inf,		0,		0,		0,		0,		0,		0,		0.824,		0.2605,		32088,		0,		0,		0,		3909,		0,		0,		0,		16,		0,		0,		0,		3832,		10,		0.8741,		
18.281876,		1.000476,		79,		0,		0,		-nan,		4911253,		-7.366e+08,		-7.366e+08,		-7.366e+08,		0.01575,		inf,		-inf,		0,		0,		0,		0,		0,		0,		0.852,		0.2745,		32088,		0,		0,		0,		3909,		0,		0,		0,		16,		0,		0,		0,		3993,		12,		0.4996,		
19.293949,		1.011815,		80,		0,		0,		-nan,		4972591,		-7.366e+08,		-7.366e+08,		-7.366e+08,		0.01743,		inf,		-inf,		0,		0,		0,		0,		0,		0,		0.8933,		0.3009,		32088,		0,		0,		0,		3909,		0,		0,		0,		16,		0,		0,		0,		4287,		12,		0.8646,		
20.298683,		1.004644,		79,		0,		0,		-nan,		4860313,		-7.366e+08,		-7.366e+08,		-7.366e+08,		0.05436,		inf,		-inf,		0,		0,		0,		0,		0,		0,		0.9354,		0.3134,		32088,		0,		0,		0,		3909,		0,		0,		0,		16,		0,		0,		0,		4529,		13,		0.6221,		
21.304893,		1.006116,		80,		0,		0,		-nan,		4953523,		-7.366e+08,		-7.366e+08,		-7.366e+08,		0.1181,		inf,		-inf,		0,		0,		0,		0,		0,		0,		0.9854,		0.3317,		32088,		0,		0,		0,		3909,		0,		0,		0,		16,		0,		0,		0,		4839,		14,		0.8696,		
22.305325,		1.000335,		78,		0,		0,		-nan,		4825971,		-7.366e+08,		-7.366e+08,		-7.366e+08,		0.02031,		inf,		-inf,		0,		0,		0,		0,		0,		0,		1.031,		0.3503,		32088,		0,		0,		0,		3909,		0,		0,		0,		16,		0,		0,		0,		5150,		15,		0.8746,		
23.317043,		1.011463,		80,		0,		0,		-nan,		4974724,		-7.366e+08,		-7.366e+08,		-7.366e+08,		0.03045,		inf,		-inf,		0,		0,		0,		0,		0,		0,		1.078,		0.3761,		32088,		0,		0,		0,		3909,		0,		0,		0,		16,		0,		0,		0,		5449,		15,		0.7413,		
24.318027,		1.000892,		80,		0,		0,		-nan,		4921101,		-7.366e+08,		-7.366e+08,		-7.366e+08,		0.04478,		inf,		-inf,		0,		0,		0,		0,		0,		0,		1.114,		0.4033,		32088,		0,		0,		0,		3909,		0,		0,		0,		16,		0,		0,		0,		5748,		15,		0.8741,		
25.329786,		1.011498,		80,		0,		0,		-nan,		4972196,		-7.366e+08,		-7.366e+08,		-7.366e+08,		0.1663,		inf,		-inf,		0,		0,		0,		0,		0,		0,		1.155,		0.4233,		32088,		0,		0,		0,		3909,		0,		0,		0,		16,		0,		0,		0,		5959,		15,		0.7413,		
26.332026,		1.002146,		79,		0,		0,		-nan,		4860236,		-7.366e+08,		-7.366e+08,		-7.366e+08,		0.1661,		inf,		-inf,		0,		0,		0,		0,		0,		0,		1.184,		0.4359,		32088,		0,		0,		0,		3909,		0,		0,		0,		16,		0,		0,		0,		6120,		16,		0.4989,		
27.340012,		1.007763,		79,		0,		0,		-nan,		4904784,		-7.366e+08,		-7.366e+08,		-7.366e+08,		0.1116,		inf,		-inf,		0,		0,		0,		0,		0,		0,		1.219,		0.4479,		32088,		0,		0,		0,		3909,		0,		0,		0,		16,		0,		0,		0,		6281,		17,		0.496,		
28.343248,		1.003144,		80,		0,		0,		-nan,		4937436,		-7.366e+08,		-7.366e+08,		-7.366e+08,		0.2878,		inf,		-inf,		0,		0,		0,		0,		0,		0,		1.256,		0.4716,		32088,		0,		0,		0,		3909,		0,		0,		0,		16,		0,		0,		0,		6557,		18,		0.8722,		
29.346735,		1.003218,		79,		0,		0,		-nan,		4900549,		-7.366e+08,		-7.366e+08,		-7.366e+08,		0.08058,		inf,		-inf,		0,		0,		0,		0,		0,		0,		1.285,		0.4861,		32088,		0,		0,		0,		3909,		0,		0,		0,		16,		0,		0,		0,		6725,		18,		0.4983,		
30.420307,		1.073478,		51,		0,		1,		inf,		3184160,		-7.366e+08,		-7.366e+08,		-7.366e+08,		1.23,		inf,		-inf,		0,		0,		0,		0,		0,		0,		1.388,		0.4861,		32088,		0,		0,		0,		3909,		0,		0,		0,		16,		0,		0,		0,		6890,		20,		1.164,		
Maximum runtime reached. Exiting.
