Experiment id: 551e27e5-9706-48a1-9207-35667ee09952
Performance Test Version: 57791ae
Logfile name: 
Communication mean: ROS2
RMW Implementation: rmw_fastrtps_cpp
DDS domain id: 0
QOS: Reliability: RELIABLE Durability: VOLATILE History kind: KEEP_LAST History depth: 10 Sync. pub/sub: 0
Publishing rate: 120
Topic name: Array60k
Maximum runtime (sec): 30
Number of publishers: 0
Number of subscribers: 1
Memory check enabled: 0
Use single participant: 0
With security: 0
Roundtrip Mode: NONE
Ignore seconds from beginning: 1

---EXPERIMENT-START---
T_experiment,	T_loop,	received,	sent,	lost,	relative_loss,	data_received,	latency_min (ms),	latency_max (ms),	latency_mean (ms),	latency_variance (ms),	pub_loop_res_min (ms),	pub_loop_res_max (ms),	pub_loop_res_mean (ms),	pub_loop_res_variance (ms),	sub_loop_res_min (ms),	sub_loop_res_max (ms),	sub_loop_res_mean (ms),	sub_loop_res_variance (ms),	ru_utime,	ru_stime,	ru_maxrss,	ru_ixrss,	ru_idrss,	ru_isrss,	ru_minflt,	ru_majflt,	ru_nswap,	ru_inblock,	ru_oublock,	ru_msgsnd,	ru_msgrcv,	ru_nsignals,	ru_nvcsw,	ru_nivcsw,	cpu_usage (%),	
2.022201,		1.005551,		89,		0,		0,		-nan,		5501010,		-7.376e+08,		-7.376e+08,		-7.376e+08,		4.516,		inf,		-inf,		0,		0,		0,		0,		0,		0,		0.1002,		0.05009,		31736,		0,		0,		0,		3901,		0,		0,		0,		8,		0,		0,		0,		604,		4,		0.7458,		
3.026264,		1.003961,		106,		0,		9,		inf,		6536451,		-7.376e+08,		-7.376e+08,		-7.376e+08,		1.117,		inf,		-inf,		0,		0,		0,		0,		0,		0,		0.1305,		0.07577,		31736,		0,		0,		0,		3901,		0,		0,		0,		8,		0,		0,		0,		814,		5,		0.6225,		
4.029418,		1.003016,		102,		0,		4,		inf,		6304006,		-7.376e+08,		-7.376e+08,		-7.376e+08,		2.457,		inf,		-inf,		0,		0,		0,		0,		0,		0,		0.1709,		0.1017,		31736,		0,		0,		0,		3901,		0,		0,		0,		8,		0,		0,		0,		1124,		9,		0.8723,		
5.029747,		1.000105,		55,		0,		4,		inf,		3432132,		-7.376e+08,		-7.376e+08,		-7.376e+08,		16.9,		inf,		-inf,		0,		0,		0,		0,		0,		0,		0.1987,		0.1176,		31736,		0,		0,		0,		3901,		0,		0,		0,		8,		0,		0,		0,		1336,		15,		0.3749,		
6.086422,		1.056406,		90,		0,		49,		inf,		5590025,		-7.376e+08,		-7.376e+08,		-7.376e+08,		4.021,		inf,		-inf,		0,		0,		0,		0,		0,		0,		0.285,		0.1383,		31736,		0,		0,		0,		3901,		0,		0,		0,		8,		0,		0,		0,		1543,		15,		1.301,		
7.102638,		1.016140,		89,		0,		48,		inf,		5523980,		-7.376e+08,		-7.376e+08,		-7.376e+08,		9.17,		inf,		-inf,		0,		0,		0,		0,		0,		0,		0.3357,		0.1572,		31736,		0,		0,		0,		3901,		0,		0,		0,		8,		0,		0,		0,		1808,		16,		0.861,		
8.162445,		1.059724,		71,		0,		1,		inf,		4416264,		-7.376e+08,		-7.376e+08,		-7.376e+08,		13.57,		inf,		-inf,		0,		0,		0,		0,		0,		0,		0.4214,		0.1873,		31736,		0,		0,		0,		3901,		0,		0,		0,		8,		0,		0,		0,		2081,		18,		1.415,		
9.189798,		1.027277,		14,		0,		19,		inf,		869495,		-7.376e+08,		-7.376e+08,		-7.376e+08,		0.2408,		inf,		-inf,		0,		0,		0,		0,		0,		0,		0.4503,		0.1936,		31736,		0,		0,		0,		3901,		0,		0,		0,		8,		0,		0,		0,		2139,		18,		0.4867,		
10.196414,		1.006537,		0,		0,		0,		-nan,		0,		inf,		-inf,		0,		-nan,		inf,		-inf,		0,		0,		0,		0,		0,		0,		0.4552,		0.1963,		31736,		0,		0,		0,		3901,		0,		0,		0,		8,		0,		0,		0,		2154,		18,		0,		
11.201719,		1.005213,		0,		0,		0,		-nan,		0,		inf,		-inf,		0,		-nan,		inf,		-inf,		0,		0,		0,		0,		0,		0,		0.4611,		0.1963,		31736,		0,		0,		0,		3901,		0,		0,		0,		8,		0,		0,		0,		2165,		18,		0.1243,		
12.207156,		1.005201,		0,		0,		0,		-nan,		0,		inf,		-inf,		0,		-nan,		inf,		-inf,		0,		0,		0,		0,		0,		0,		0.4671,		0.1963,		31736,		0,		0,		0,		3901,		0,		0,		0,		16,		0,		0,		0,		2176,		18,		0,		
13.213376,		1.005993,		0,		0,		0,		-nan,		0,		inf,		-inf,		0,		-nan,		inf,		-inf,		0,		0,		0,		0,		0,		0,		0.4744,		0.1963,		31736,		0,		0,		0,		3901,		0,		0,		0,		16,		0,		0,		0,		2191,		18,		0.1242,		
14.219838,		1.006307,		0,		0,		0,		-nan,		0,		inf,		-inf,		0,		-nan,		inf,		-inf,		0,		0,		0,		0,		0,		0,		0.4814,		0.1963,		31736,		0,		0,		0,		3901,		0,		0,		0,		16,		0,		0,		0,		2202,		18,		0.1242,		
15.226733,		1.006802,		0,		0,		0,		-nan,		0,		inf,		-inf,		0,		-nan,		inf,		-inf,		0,		0,		0,		0,		0,		0,		0.4893,		0.1963,		31736,		0,		0,		0,		3901,		0,		0,		0,		16,		0,		0,		0,		2213,		18,		0,		
16.233307,		1.006458,		0,		0,		0,		-nan,		0,		inf,		-inf,		0,		-nan,		inf,		-inf,		0,		0,		0,		0,		0,		0,		0.497,		0.1963,		31736,		0,		0,		0,		3901,		0,		0,		0,		24,		0,		0,		0,		2228,		18,		0.1242,		
17.239159,		1.005757,		0,		0,		0,		-nan,		0,		inf,		-inf,		0,		-nan,		inf,		-inf,		0,		0,		0,		0,		0,		0,		0.5035,		0.1963,		31736,		0,		0,		0,		3901,		0,		0,		0,		24,		0,		0,		0,		2240,		18,		0.1243,		
18.243378,		1.003992,		0,		0,		0,		-nan,		0,		inf,		-inf,		0,		-nan,		inf,		-inf,		0,		0,		0,		0,		0,		0,		0.5082,		0.1963,		31736,		0,		0,		0,		3901,		0,		0,		0,		32,		0,		0,		0,		2251,		18,		0,		
19.249725,		1.006252,		0,		0,		0,		-nan,		0,		inf,		-inf,		0,		-nan,		inf,		-inf,		0,		0,		0,		0,		0,		0,		0.5157,		0.1963,		31736,		0,		0,		0,		3901,		0,		0,		0,		32,		0,		0,		0,		2266,		18,		0.1242,		
20.255880,		1.006063,		0,		0,		0,		-nan,		0,		inf,		-inf,		0,		-nan,		inf,		-inf,		0,		0,		0,		0,		0,		0,		0.5226,		0.1963,		31736,		0,		0,		0,		3901,		0,		0,		0,		32,		0,		0,		0,		2278,		18,		0.1242,		
21.261255,		1.005278,		0,		0,		0,		-nan,		0,		inf,		-inf,		0,		-nan,		inf,		-inf,		0,		0,		0,		0,		0,		0,		0.529,		0.1963,		31736,		0,		0,		0,		3901,		0,		0,		0,		32,		0,		0,		0,		2289,		18,		0,		
22.266794,		1.005445,		0,		0,		0,		-nan,		0,		inf,		-inf,		0,		-nan,		inf,		-inf,		0,		0,		0,		0,		0,		0,		0.5359,		0.1963,		31736,		0,		0,		0,		3901,		0,		0,		0,		32,		0,		0,		0,		2305,		18,		0.1243,		
23.273390,		1.006364,		0,		0,		0,		-nan,		0,		inf,		-inf,		0,		-nan,		inf,		-inf,		0,		0,		0,		0,		0,		0,		0.5429,		0.1963,		31736,		0,		0,		0,		3901,		0,		0,		0,		32,		0,		0,		0,		2316,		18,		0.1242,		
24.280191,		1.006704,		0,		0,		0,		-nan,		0,		inf,		-inf,		0,		-nan,		inf,		-inf,		0,		0,		0,		0,		0,		0,		0.5501,		0.1963,		31736,		0,		0,		0,		3901,		0,		0,		0,		40,		0,		0,		0,		2327,		18,		0,		
25.286617,		1.006335,		0,		0,		0,		-nan,		0,		inf,		-inf,		0,		-nan,		inf,		-inf,		0,		0,		0,		0,		0,		0,		0.5577,		0.1963,		31736,		0,		0,		0,		3901,		0,		0,		0,		40,		0,		0,		0,		2342,		18,		0.1242,		
26.292578,		1.005873,		0,		0,		0,		-nan,		0,		inf,		-inf,		0,		-nan,		inf,		-inf,		0,		0,		0,		0,		0,		0,		0.5647,		0.1963,		31736,		0,		0,		0,		3901,		0,		0,		0,		40,		0,		0,		0,		2354,		18,		0.1243,		
27.298933,		1.006259,		0,		0,		0,		-nan,		0,		inf,		-inf,		0,		-nan,		inf,		-inf,		0,		0,		0,		0,		0,		0,		0.5715,		0.1963,		31736,		0,		0,		0,		3901,		0,		0,		0,		40,		0,		0,		0,		2365,		18,		0.1242,		
28.304630,		1.005595,		0,		0,		0,		-nan,		0,		inf,		-inf,		0,		-nan,		inf,		-inf,		0,		0,		0,		0,		0,		0,		0.5783,		0.1963,		31736,		0,		0,		0,		3901,		0,		0,		0,		40,		0,		0,		0,		2379,		18,		0,		
29.311049,		1.006238,		0,		0,		0,		-nan,		0,		inf,		-inf,		0,		-nan,		inf,		-inf,		0,		0,		0,		0,		0,		0,		0.5858,		0.1963,		31736,		0,		0,		0,		3901,		0,		0,		0,		40,		0,		0,		0,		2391,		18,		0.1242,		
30.316578,		1.005438,		0,		0,		0,		-nan,		0,		inf,		-inf,		0,		-nan,		inf,		-inf,		0,		0,		0,		0,		0,		0,		0.5927,		0.1963,		31736,		0,		0,		0,		3902,		0,		0,		0,		48,		0,		0,		0,		2406,		19,		0.1243,		
Maximum runtime reached. Exiting.
