Experiment id: f7836135-1cea-4e5d-8f3c-3554f14feb84
Performance Test Version: 57791ae
Logfile name: 
Communication mean: ROS2
RMW Implementation: rmw_fastrtps_cpp
DDS domain id: 0
QOS: Reliability: RELIABLE Durability: VOLATILE History kind: KEEP_LAST History depth: 10 Sync. pub/sub: 0
Publishing rate: 120
Topic name: Array60k
Maximum runtime (sec): 30
Number of publishers: 0
Number of subscribers: 1
Memory check enabled: 0
Use single participant: 0
With security: 0
Roundtrip Mode: NONE
Ignore seconds from beginning: 1

---EXPERIMENT-START---
T_experiment,	T_loop,	received,	sent,	lost,	relative_loss,	data_received,	latency_min (ms),	latency_max (ms),	latency_mean (ms),	latency_variance (ms),	pub_loop_res_min (ms),	pub_loop_res_max (ms),	pub_loop_res_mean (ms),	pub_loop_res_variance (ms),	sub_loop_res_min (ms),	sub_loop_res_max (ms),	sub_loop_res_mean (ms),	sub_loop_res_variance (ms),	ru_utime,	ru_stime,	ru_maxrss,	ru_ixrss,	ru_idrss,	ru_isrss,	ru_minflt,	ru_majflt,	ru_nswap,	ru_inblock,	ru_oublock,	ru_msgsnd,	ru_msgrcv,	ru_nsignals,	ru_nvcsw,	ru_nivcsw,	cpu_usage (%),	
2.020887,		1.007147,		72,		0,		0,		-nan,		4427197,		-7.376e+08,		-7.376e+08,		-7.376e+08,		12.89,		inf,		-inf,		0,		0,		0,		0,		0,		0,		0.1123,		0.05908,		32232,		0,		0,		0,		3912,		0,		0,		0,		8,		0,		0,		0,		700,		6,		0.7446,		
3.022477,		1.001492,		91,		0,		0,		-nan,		5610952,		-7.376e+08,		-7.376e+08,		-7.376e+08,		4.856,		inf,		-inf,		0,		0,		0,		0,		0,		0,		0.1421,		0.08289,		32232,		0,		0,		0,		3912,		0,		0,		0,		8,		0,		0,		0,		922,		6,		0.7488,		
4.094938,		1.072192,		74,		0,		15,		inf,		4603056,		-7.376e+08,		-7.376e+08,		-7.376e+08,		9.689,		inf,		-inf,		0,		0,		0,		0,		0,		0,		0.2385,		0.1037,		32232,		0,		0,		0,		3912,		0,		0,		0,		16,		0,		0,		0,		1120,		7,		1.282,		
5.113446,		1.018438,		60,		0,		33,		inf,		3724038,		-7.376e+08,		-7.376e+08,		-7.376e+08,		0.8377,		inf,		-inf,		0,		0,		0,		0,		0,		0,		0.2807,		0.1174,		32232,		0,		0,		0,		3912,		0,		0,		0,		16,		0,		0,		0,		1329,		11,		0.7364,		
6.119944,		1.006408,		0,		0,		0,		-nan,		0,		inf,		-inf,		0,		-nan,		inf,		-inf,		0,		0,		0,		0,		0,		0,		0.2875,		0.1181,		32232,		0,		0,		0,		3912,		0,		0,		0,		16,		0,		0,		0,		1340,		11,		0,		
7.125777,		1.005736,		0,		0,		0,		-nan,		0,		inf,		-inf,		0,		-nan,		inf,		-inf,		0,		0,		0,		0,		0,		0,		0.2946,		0.1181,		32232,		0,		0,		0,		3912,		0,		0,		0,		16,		0,		0,		0,		1355,		11,		0.1243,		
8.131478,		1.005479,		0,		0,		0,		-nan,		0,		inf,		-inf,		0,		-nan,		inf,		-inf,		0,		0,		0,		0,		0,		0,		0.3011,		0.1181,		32232,		0,		0,		0,		3912,		0,		0,		0,		16,		0,		0,		0,		1366,		11,		0.1243,		
9.137301,		1.005729,		0,		0,		0,		-nan,		0,		inf,		-inf,		0,		-nan,		inf,		-inf,		0,		0,		0,		0,		0,		0,		0.308,		0.1181,		32232,		0,		0,		0,		3912,		0,		0,		0,		16,		0,		0,		0,		1377,		11,		0,		
10.143911,		1.006517,		0,		0,		0,		-nan,		0,		inf,		-inf,		0,		-nan,		inf,		-inf,		0,		0,		0,		0,		0,		0,		0.3156,		0.1181,		32232,		0,		0,		0,		3912,		0,		0,		0,		16,		0,		0,		0,		1392,		12,		0.1242,		
11.150568,		1.006564,		0,		0,		0,		-nan,		0,		inf,		-inf,		0,		-nan,		inf,		-inf,		0,		0,		0,		0,		0,		0,		0.323,		0.1181,		32232,		0,		0,		0,		3912,		0,		0,		0,		16,		0,		0,		0,		1404,		12,		0.1242,		
12.156329,		1.005666,		0,		0,		0,		-nan,		0,		inf,		-inf,		0,		-nan,		inf,		-inf,		0,		0,		0,		0,		0,		0,		0.3297,		0.1181,		32232,		0,		0,		0,		3912,		0,		0,		0,		16,		0,		0,		0,		1415,		12,		0,		
13.162431,		1.006006,		0,		0,		0,		-nan,		0,		inf,		-inf,		0,		-nan,		inf,		-inf,		0,		0,		0,		0,		0,		0,		0.337,		0.1181,		32232,		0,		0,		0,		3912,		0,		0,		0,		16,		0,		0,		0,		1430,		12,		0.1242,		
14.169084,		1.006428,		0,		0,		0,		-nan,		0,		inf,		-inf,		0,		-nan,		inf,		-inf,		0,		0,		0,		0,		0,		0,		0.3442,		0.1181,		32232,		0,		0,		0,		3912,		0,		0,		0,		16,		0,		0,		0,		1442,		12,		0.1242,		
15.175039,		1.005823,		0,		0,		0,		-nan,		0,		inf,		-inf,		0,		-nan,		inf,		-inf,		0,		0,		0,		0,		0,		0,		0.3491,		0.1197,		32232,		0,		0,		0,		3912,		0,		0,		0,		16,		0,		0,		0,		1453,		12,		0,		
16.181665,		1.006538,		0,		0,		0,		-nan,		0,		inf,		-inf,		0,		-nan,		inf,		-inf,		0,		0,		0,		0,		0,		0,		0.3568,		0.1197,		32232,		0,		0,		0,		3912,		0,		0,		0,		16,		0,		0,		0,		1468,		12,		0.1242,		
17.185961,		1.004180,		0,		0,		0,		-nan,		0,		inf,		-inf,		0,		-nan,		inf,		-inf,		0,		0,		0,		0,		0,		0,		0.3617,		0.1197,		32232,		0,		0,		0,		3912,		0,		0,		0,		24,		0,		0,		0,		1480,		12,		0.1245,		
18.190624,		1.004567,		0,		0,		0,		-nan,		0,		inf,		-inf,		0,		-nan,		inf,		-inf,		0,		0,		0,		0,		0,		0,		0.3675,		0.1197,		32232,		0,		0,		0,		3912,		0,		0,		0,		24,		0,		0,		0,		1492,		12,		0,		
19.196522,		1.005649,		0,		0,		0,		-nan,		0,		inf,		-inf,		0,		-nan,		inf,		-inf,		0,		0,		0,		0,		0,		0,		0.3719,		0.1223,		32232,		0,		0,		0,		3912,		0,		0,		0,		24,		0,		0,		0,		1507,		12,		0.2485,		
20.201986,		1.005220,		0,		0,		0,		-nan,		0,		inf,		-inf,		0,		-nan,		inf,		-inf,		0,		0,		0,		0,		0,		0,		0.3783,		0.1223,		32232,		0,		0,		0,		3912,		0,		0,		0,		24,		0,		0,		0,		1520,		12,		0,		
21.206594,		1.004514,		0,		0,		0,		-nan,		0,		inf,		-inf,		0,		-nan,		inf,		-inf,		0,		0,		0,		0,		0,		0,		0.3839,		0.1223,		32232,		0,		0,		0,		3912,		0,		0,		0,		24,		0,		0,		0,		1531,		12,		0.1244,		
22.212330,		1.005515,		0,		0,		0,		-nan,		0,		inf,		-inf,		0,		-nan,		inf,		-inf,		0,		0,		0,		0,		0,		0,		0.3872,		0.1258,		32232,		0,		0,		0,		3912,		0,		0,		0,		24,		0,		0,		0,		1545,		12,		0,		
23.218218,		1.005795,		0,		0,		0,		-nan,		0,		inf,		-inf,		0,		-nan,		inf,		-inf,		0,		0,		0,		0,		0,		0,		0.3936,		0.1258,		32232,		0,		0,		0,		3912,		0,		0,		0,		24,		0,		0,		0,		1556,		12,		0.1243,		
24.224348,		1.006034,		0,		0,		0,		-nan,		0,		inf,		-inf,		0,		-nan,		inf,		-inf,		0,		0,		0,		0,		0,		0,		0.4003,		0.1258,		32232,		0,		0,		0,		3912,		0,		0,		0,		24,		0,		0,		0,		1567,		12,		0.1242,		
25.229769,		1.005323,		0,		0,		0,		-nan,		0,		inf,		-inf,		0,		-nan,		inf,		-inf,		0,		0,		0,		0,		0,		0,		0.407,		0.1258,		32232,		0,		0,		0,		3912,		0,		0,		0,		24,		0,		0,		0,		1581,		12,		0,		
26.235229,		1.005233,		0,		0,		0,		-nan,		0,		inf,		-inf,		0,		-nan,		inf,		-inf,		0,		0,		0,		0,		0,		0,		0.4134,		0.1258,		32232,		0,		0,		0,		3912,		0,		0,		0,		24,		0,		0,		0,		1592,		13,		0.1243,		
27.241264,		1.005805,		0,		0,		0,		-nan,		0,		inf,		-inf,		0,		-nan,		inf,		-inf,		0,		0,		0,		0,		0,		0,		0.42,		0.1258,		32232,		0,		0,		0,		3912,		0,		0,		0,		24,		0,		0,		0,		1603,		13,		0,		
28.247541,		1.006053,		0,		0,		0,		-nan,		0,		inf,		-inf,		0,		-nan,		inf,		-inf,		0,		0,		0,		0,		0,		0,		0.4274,		0.1258,		32232,		0,		0,		0,		3912,		0,		0,		0,		24,		0,		0,		0,		1618,		13,		0.1242,		
29.253775,		1.006012,		0,		0,		0,		-nan,		0,		inf,		-inf,		0,		-nan,		inf,		-inf,		0,		0,		0,		0,		0,		0,		0.4343,		0.1258,		32232,		0,		0,		0,		3912,		0,		0,		0,		24,		0,		0,		0,		1630,		13,		0.1242,		
30.259287,		1.005413,		0,		0,		0,		-nan,		0,		inf,		-inf,		0,		-nan,		inf,		-inf,		0,		0,		0,		0,		0,		0,		0.4417,		0.1258,		32232,		0,		0,		0,		3912,		0,		0,		0,		24,		0,		0,		0,		1646,		13,		0.1243,		
Maximum runtime reached. Exiting.
