Experiment id: e830e387-11e3-4789-908d-1d9e30c0639a
Performance Test Version: 57791ae
Logfile name: 
Communication mean: ROS2
RMW Implementation: rmw_fastrtps_cpp
DDS domain id: 0
QOS: Reliability: RELIABLE Durability: VOLATILE History kind: KEEP_LAST History depth: 10 Sync. pub/sub: 0
Publishing rate: 120
Topic name: Array60k
Maximum runtime (sec): 30
Number of publishers: 0
Number of subscribers: 1
Memory check enabled: 0
Use single participant: 0
With security: 0
Roundtrip Mode: NONE
Ignore seconds from beginning: 1

---EXPERIMENT-START---
T_experiment,	T_loop,	received,	sent,	lost,	relative_loss,	data_received,	latency_min (ms),	latency_max (ms),	latency_mean (ms),	latency_variance (ms),	pub_loop_res_min (ms),	pub_loop_res_max (ms),	pub_loop_res_mean (ms),	pub_loop_res_variance (ms),	sub_loop_res_min (ms),	sub_loop_res_max (ms),	sub_loop_res_mean (ms),	sub_loop_res_variance (ms),	ru_utime,	ru_stime,	ru_maxrss,	ru_ixrss,	ru_idrss,	ru_isrss,	ru_minflt,	ru_majflt,	ru_nswap,	ru_inblock,	ru_oublock,	ru_msgsnd,	ru_msgrcv,	ru_nsignals,	ru_nvcsw,	ru_nivcsw,	cpu_usage (%),	
2.063124,		1.036718,		50,		0,		0,		-nan,		3112261,		-7.376e+08,		-7.376e+08,		-7.376e+08,		22.92,		inf,		-inf,		0,		0,		0,		0,		0,		0,		0.1367,		0.04205,		32228,		0,		0,		0,		3906,		0,		0,		0,		8,		0,		0,		0,		556,		6,		0.844,		
3.067091,		1.003882,		50,		0,		0,		-nan,		3082678,		-7.376e+08,		-7.376e+08,		-7.376e+08,		26.37,		inf,		-inf,		0,		0,		0,		0,		0,		0,		0.1723,		0.05003,		32228,		0,		0,		0,		3906,		0,		0,		0,		8,		0,		0,		0,		752,		6,		0.6225,		
4.156534,		1.089199,		53,		0,		81,		inf,		3304264,		-7.376e+08,		-7.376e+08,		-7.376e+08,		7.195,		inf,		-inf,		0,		0,		0,		0,		0,		0,		0.3021,		0.05003,		32228,		0,		0,		0,		3906,		0,		0,		0,		8,		0,		0,		0,		944,		6,		1.492,		
5.161006,		1.004381,		0,		0,		6,		inf,		56444,		-7.376e+08,		-7.376e+08,		-7.376e+08,		0,		inf,		-inf,		0,		0,		0,		0,		0,		0,		0.3084,		0.05003,		32228,		0,		0,		0,		3906,		0,		0,		0,		8,		0,		0,		0,		959,		6,		0,		
6.165881,		1.004635,		0,		0,		0,		-nan,		0,		inf,		-inf,		0,		-nan,		inf,		-inf,		0,		0,		0,		0,		0,		0,		0.3137,		0.05003,		32228,		0,		0,		0,		3906,		0,		0,		0,		8,		0,		0,		0,		970,		6,		0.1244,		
7.172120,		1.006011,		0,		0,		0,		-nan,		0,		inf,		-inf,		0,		-nan,		inf,		-inf,		0,		0,		0,		0,		0,		0,		0.3211,		0.05003,		32228,		0,		0,		0,		3906,		0,		0,		0,		8,		0,		0,		0,		985,		6,		0.1242,		
8.178040,		1.005826,		0,		0,		0,		-nan,		0,		inf,		-inf,		0,		-nan,		inf,		-inf,		0,		0,		0,		0,		0,		0,		0.3281,		0.05003,		32228,		0,		0,		0,		3906,		0,		0,		0,		8,		0,		0,		0,		997,		6,		0,		
9.183522,		1.005390,		0,		0,		0,		-nan,		0,		inf,		-inf,		0,		-nan,		inf,		-inf,		0,		0,		0,		0,		0,		0,		0.3345,		0.05003,		32228,		0,		0,		0,		3906,		0,		0,		0,		8,		0,		0,		0,		1008,		6,		0.1243,		
10.188643,		1.005029,		0,		0,		0,		-nan,		0,		inf,		-inf,		0,		-nan,		inf,		-inf,		0,		0,		0,		0,		0,		0,		0.341,		0.05003,		32228,		0,		0,		0,		3906,		0,		0,		0,		8,		0,		0,		0,		1023,		6,		0.1244,		
11.194950,		1.006216,		0,		0,		0,		-nan,		0,		inf,		-inf,		0,		-nan,		inf,		-inf,		0,		0,		0,		0,		0,		0,		0.3484,		0.05003,		32228,		0,		0,		0,		3906,		0,		0,		0,		8,		0,		0,		0,		1035,		6,		0,		
12.200797,		1.005752,		0,		0,		0,		-nan,		0,		inf,		-inf,		0,		-nan,		inf,		-inf,		0,		0,		0,		0,		0,		0,		0.3549,		0.05003,		32228,		0,		0,		0,		3906,		0,		0,		0,		8,		0,		0,		0,		1046,		7,		0.1243,		
13.207460,		1.006500,		0,		0,		0,		-nan,		0,		inf,		-inf,		0,		-nan,		inf,		-inf,		0,		0,		0,		0,		0,		0,		0.3625,		0.05013,		32228,		0,		0,		0,		3906,		0,		0,		0,		8,		0,		0,		0,		1061,		7,		0.1242,		
14.214192,		1.006628,		0,		0,		0,		-nan,		0,		inf,		-inf,		0,		-nan,		inf,		-inf,		0,		0,		0,		0,		0,		0,		0.3671,		0.05314,		32228,		0,		0,		0,		3906,		0,		0,		0,		8,		0,		0,		0,		1073,		7,		0,		
15.218293,		1.004008,		0,		0,		0,		-nan,		0,		inf,		-inf,		0,		-nan,		inf,		-inf,		0,		0,		0,		0,		0,		0,		0.3719,		0.05314,		32228,		0,		0,		0,		3906,		0,		0,		0,		8,		0,		0,		0,		1084,		8,		0.1245,		
16.222969,		1.004581,		0,		0,		0,		-nan,		0,		inf,		-inf,		0,		-nan,		inf,		-inf,		0,		0,		0,		0,		0,		0,		0.3775,		0.05324,		32228,		0,		0,		0,		3906,		0,		0,		0,		8,		0,		0,		0,		1099,		8,		0,		
17.228472,		1.005251,		0,		0,		0,		-nan,		0,		inf,		-inf,		0,		-nan,		inf,		-inf,		0,		0,		0,		0,		0,		0,		0.3835,		0.0534,		32228,		0,		0,		0,		3906,		0,		0,		0,		16,		0,		0,		0,		1110,		8,		0.1243,		
18.234247,		1.005637,		0,		0,		0,		-nan,		0,		inf,		-inf,		0,		-nan,		inf,		-inf,		0,		0,		0,		0,		0,		0,		0.39,		0.05362,		32228,		0,		0,		0,		3906,		0,		0,		0,		16,		0,		0,		0,		1121,		8,		0,		
19.240578,		1.006196,		0,		0,		0,		-nan,		0,		inf,		-inf,		0,		-nan,		inf,		-inf,		0,		0,		0,		0,		0,		0,		0.3974,		0.05362,		32228,		0,		0,		0,		3906,		0,		0,		0,		16,		0,		0,		0,		1136,		8,		0.1242,		
20.245337,		1.004663,		0,		0,		0,		-nan,		0,		inf,		-inf,		0,		-nan,		inf,		-inf,		0,		0,		0,		0,		0,		0,		0.4032,		0.05362,		32228,		0,		0,		0,		3906,		0,		0,		0,		16,		0,		0,		0,		1149,		8,		0.1244,		
21.251598,		1.006171,		0,		0,		0,		-nan,		0,		inf,		-inf,		0,		-nan,		inf,		-inf,		0,		0,		0,		0,		0,		0,		0.41,		0.05362,		32228,		0,		0,		0,		3906,		0,		0,		0,		16,		0,		0,		0,		1160,		8,		0,		
22.256384,		1.004690,		0,		0,		0,		-nan,		0,		inf,		-inf,		0,		-nan,		inf,		-inf,		0,		0,		0,		0,		0,		0,		0.4161,		0.05362,		32228,		0,		0,		0,		3906,		0,		0,		0,		16,		0,		0,		0,		1175,		8,		0.1244,		
23.261532,		1.005050,		0,		0,		0,		-nan,		0,		inf,		-inf,		0,		-nan,		inf,		-inf,		0,		0,		0,		0,		0,		0,		0.4183,		0.05769,		32228,		0,		0,		0,		3906,		0,		0,		0,		16,		0,		0,		0,		1187,		8,		0,		
24.264656,		1.003029,		0,		0,		0,		-nan,		0,		inf,		-inf,		0,		-nan,		inf,		-inf,		0,		0,		0,		0,		0,		0,		0.4224,		0.05769,		32228,		0,		0,		0,		3906,		0,		0,		0,		16,		0,		0,		0,		1198,		8,		0.1246,		
25.268446,		1.003558,		0,		0,		0,		-nan,		0,		inf,		-inf,		0,		-nan,		inf,		-inf,		0,		0,		0,		0,		0,		0,		0.4275,		0.05769,		32228,		0,		0,		0,		3906,		0,		0,		0,		16,		0,		0,		0,		1213,		8,		0,		
26.274561,		1.005890,		0,		0,		0,		-nan,		0,		inf,		-inf,		0,		-nan,		inf,		-inf,		0,		0,		0,		0,		0,		0,		0.4344,		0.05792,		32228,		0,		0,		0,		3906,		0,		0,		0,		16,		0,		0,		0,		1225,		8,		0.1242,		
27.280008,		1.005354,		0,		0,		0,		-nan,		0,		inf,		-inf,		0,		-nan,		inf,		-inf,		0,		0,		0,		0,		0,		0,		0.4404,		0.05792,		32228,		0,		0,		0,		3906,		0,		0,		0,		16,		0,		0,		0,		1236,		8,		0.1243,		
28.284573,		1.004335,		0,		0,		0,		-nan,		0,		inf,		-inf,		0,		-nan,		inf,		-inf,		0,		0,		0,		0,		0,		0,		0.4462,		0.05792,		32228,		0,		0,		0,		3906,		0,		0,		0,		16,		0,		0,		0,		1251,		8,		0,		
29.290922,		1.006122,		0,		0,		0,		-nan,		0,		inf,		-inf,		0,		-nan,		inf,		-inf,		0,		0,		0,		0,		0,		0,		0.4533,		0.05792,		32228,		0,		0,		0,		3906,		0,		0,		0,		16,		0,		0,		0,		1263,		8,		0.1242,		
30.296179,		1.005159,		0,		0,		0,		-nan,		0,		inf,		-inf,		0,		-nan,		inf,		-inf,		0,		0,		0,		0,		0,		0,		0.4633,		0.05792,		32228,		0,		0,		0,		3906,		0,		0,		0,		16,		0,		0,		0,		1309,		9,		0.1243,		
Maximum runtime reached. Exiting.
