Experiment id: 37a16483-9c59-49d8-87c5-a219b596c4c3
Performance Test Version: 57791ae
Logfile name: 
Communication mean: ROS2
RMW Implementation: rmw_fastrtps_cpp
DDS domain id: 0
QOS: Reliability: RELIABLE Durability: VOLATILE History kind: KEEP_LAST History depth: 10 Sync. pub/sub: 0
Publishing rate: 80
Topic name: Array60k
Maximum runtime (sec): 30
Number of publishers: 0
Number of subscribers: 1
Memory check enabled: 0
Use single participant: 0
With security: 0
Roundtrip Mode: NONE
Ignore seconds from beginning: 1

---EXPERIMENT-START---
T_experiment,	T_loop,	received,	sent,	lost,	relative_loss,	data_received,	latency_min (ms),	latency_max (ms),	latency_mean (ms),	latency_variance (ms),	pub_loop_res_min (ms),	pub_loop_res_max (ms),	pub_loop_res_mean (ms),	pub_loop_res_variance (ms),	sub_loop_res_min (ms),	sub_loop_res_max (ms),	sub_loop_res_mean (ms),	sub_loop_res_variance (ms),	ru_utime,	ru_stime,	ru_maxrss,	ru_ixrss,	ru_idrss,	ru_isrss,	ru_minflt,	ru_majflt,	ru_nswap,	ru_inblock,	ru_oublock,	ru_msgsnd,	ru_msgrcv,	ru_nsignals,	ru_nvcsw,	ru_nivcsw,	cpu_usage (%),	
2.004171,		1.003795,		77,		0,		0,		-nan,		4791722,		-7.366e+08,		-7.366e+08,		-7.366e+08,		0.4164,		inf,		-inf,		0,		0,		0,		0,		0,		0,		0.02978,		0.03723,		31812,		0,		0,		0,		3906,		0,		0,		0,		8,		0,		0,		0,		680,		4,		0.249,		
3.006011,		1.001748,		83,		0,		0,		-nan,		5142387,		-7.366e+08,		-7.366e+08,		-7.366e+08,		1.636,		inf,		-inf,		0,		0,		0,		0,		0,		0,		0.03626,		0.0544,		31812,		0,		0,		0,		3906,		0,		0,		0,		8,		0,		0,		0,		987,		6,		0.3743,		
4.009150,		1.003049,		79,		0,		0,		-nan,		4907517,		-7.366e+08,		-7.366e+08,		-7.366e+08,		0.03824,		inf,		-inf,		0,		0,		0,		0,		0,		0,		0.05537,		0.06152,		31812,		0,		0,		0,		3906,		0,		0,		0,		8,		0,		0,		0,		1297,		9,		0.3738,		
5.018016,		1.008785,		75,		0,		0,		-nan,		4655969,		-7.366e+08,		-7.366e+08,		-7.366e+08,		0.4104,		inf,		-inf,		0,		0,		0,		0,		0,		0,		0.08318,		0.06399,		31812,		0,		0,		0,		3906,		0,		0,		0,		8,		0,		0,		0,		1584,		11,		0.3717,		
6.045975,		1.027883,		85,		0,		0,		-nan,		5238673,		-7.366e+08,		-7.366e+08,		-7.366e+08,		0.6371,		inf,		-inf,		0,		0,		0,		0,		0,		0,		0.1278,		0.06972,		31812,		0,		0,		0,		3906,		0,		0,		0,		8,		0,		0,		0,		1893,		17,		0.4864,		
7.088779,		1.042726,		66,		0,		2,		inf,		4065451,		-7.366e+08,		-7.366e+08,		-7.366e+08,		3.535,		inf,		-inf,		0,		0,		0,		0,		0,		0,		0.1834,		0.07553,		31812,		0,		0,		0,		3906,		0,		0,		0,		8,		0,		0,		0,		2159,		32,		0.8391,		
8.092196,		1.003330,		71,		0,		8,		inf,		4420016,		-7.366e+08,		-7.366e+08,		-7.366e+08,		1.674,		inf,		-inf,		0,		0,		0,		0,		0,		0,		0.1997,		0.07987,		31812,		0,		0,		0,		3906,		0,		0,		0,		8,		0,		0,		0,		2376,		35,		0.1246,		
9.118217,		1.025944,		89,		0,		0,		-nan,		5512207,		-7.366e+08,		-7.366e+08,		-7.366e+08,		1.952,		inf,		-inf,		0,		0,		0,		0,		0,		0,		0.2353,		0.09624,		31812,		0,		0,		0,		3906,		0,		0,		0,		8,		0,		0,		0,		2703,		42,		0.731,		
10.122106,		1.003802,		80,		0,		0,		-nan,		4971476,		-7.366e+08,		-7.366e+08,		-7.366e+08,		0.1819,		inf,		-inf,		0,		0,		0,		0,		0,		0,		0.2512,		0.1069,		31812,		0,		0,		0,		3906,		0,		0,		0,		8,		0,		0,		0,		3018,		46,		0.3735,		
11.129057,		1.006863,		79,		0,		0,		-nan,		4897392,		-7.366e+08,		-7.366e+08,		-7.366e+08,		0.0464,		inf,		-inf,		0,		0,		0,		0,		0,		0,		0.2801,		0.1077,		31812,		0,		0,		0,		3906,		0,		0,		0,		8,		0,		0,		0,		3322,		48,		0.3724,		
12.130155,		1.001003,		78,		0,		0,		-nan,		4821390,		-7.366e+08,		-7.366e+08,		-7.366e+08,		0.09943,		inf,		-inf,		0,		0,		0,		0,		0,		0,		0.2976,		0.1149,		31812,		0,		0,		0,		3906,		0,		0,		0,		8,		0,		0,		0,		3618,		49,		0.2497,		
13.137189,		1.006941,		80,		0,		0,		-nan,		4972615,		-7.366e+08,		-7.366e+08,		-7.366e+08,		0.203,		inf,		-inf,		0,		0,		0,		0,		0,		0,		0.3178,		0.125,		31812,		0,		0,		0,		3906,		0,		0,		0,		8,		0,		0,		0,		3922,		54,		0.3724,		
14.143517,		1.006237,		78,		0,		0,		-nan,		4821012,		-7.366e+08,		-7.366e+08,		-7.366e+08,		0.2172,		inf,		-inf,		0,		0,		0,		0,		0,		0,		0.3362,		0.1313,		31812,		0,		0,		0,		3906,		0,		0,		0,		8,		0,		0,		0,		4150,		57,		0.3726,		
15.157675,		1.014060,		80,		0,		0,		-nan,		4946701,		-7.366e+08,		-7.366e+08,		-7.366e+08,		0.1755,		inf,		-inf,		0,		0,		0,		0,		0,		0,		0.3648,		0.1336,		31812,		0,		0,		0,		3906,		0,		0,		0,		16,		0,		0,		0,		4313,		61,		0.3698,		
16.186991,		1.029220,		82,		0,		0,		-nan,		5090300,		-7.366e+08,		-7.366e+08,		-7.366e+08,		0.2619,		inf,		-inf,		0,		0,		0,		0,		0,		0,		0.4117,		0.1356,		31812,		0,		0,		0,		3906,		0,		0,		0,		16,		0,		0,		0,		4550,		65,		0.6072,		
17.187214,		1.000100,		68,		0,		0,		-nan,		4239105,		-7.366e+08,		-7.366e+08,		-7.366e+08,		3.633,		inf,		-inf,		0,		0,		0,		0,		0,		0,		0.4255,		0.1356,		31812,		0,		0,		0,		3906,		0,		0,		0,		16,		0,		0,		0,		4683,		65,		0.125,		
18.202278,		1.014983,		69,		0,		4,		inf,		4300971,		-7.366e+08,		-7.366e+08,		-7.366e+08,		4.447,		inf,		-inf,		0,		0,		0,		0,		0,		0,		0.4497,		0.1399,		31812,		0,		0,		0,		3906,		0,		0,		0,		16,		0,		0,		0,		4818,		67,		0.2463,		
19.203499,		1.001133,		84,		0,		0,		-nan,		5206750,		-7.366e+08,		-7.366e+08,		-7.366e+08,		0.6668,		inf,		-inf,		0,		0,		0,		0,		0,		0,		0.4681,		0.1425,		31812,		0,		0,		0,		3906,		0,		0,		0,		16,		0,		0,		0,		5078,		69,		0.3745,		
20.212368,		1.008781,		78,		0,		0,		-nan,		4849067,		-7.366e+08,		-7.366e+08,		-7.366e+08,		0.9407,		inf,		-inf,		0,		0,		0,		0,		0,		0,		0.4842,		0.1564,		31812,		0,		0,		0,		3906,		0,		0,		0,		16,		0,		0,		0,		5344,		73,		0.3717,		
21.219034,		1.006574,		92,		0,		0,		-nan,		5665163,		-7.366e+08,		-7.366e+08,		-7.366e+08,		2.876,		inf,		-inf,		0,		0,		0,		0,		0,		0,		0.502,		0.1721,		31812,		0,		0,		0,		3906,		0,		0,		0,		16,		0,		0,		0,		5663,		75,		0.4967,		
22.247831,		1.028693,		77,		0,		0,		-nan,		4761782,		-7.366e+08,		-7.366e+08,		-7.366e+08,		0.08734,		inf,		-inf,		0,		0,		0,		0,		0,		0,		0.5479,		0.1763,		31812,		0,		0,		0,		3906,		0,		0,		0,		16,		0,		0,		0,		5964,		79,		0.486,		
23.251221,		1.003295,		80,		0,		0,		-nan,		4958118,		-7.366e+08,		-7.366e+08,		-7.366e+08,		0.1846,		inf,		-inf,		0,		0,		0,		0,		0,		0,		0.5657,		0.1839,		31812,		0,		0,		0,		3906,		0,		0,		0,		16,		0,		0,		0,		6281,		80,		0.3737,		
24.253162,		1.001853,		77,		0,		0,		-nan,		4777410,		-7.366e+08,		-7.366e+08,		-7.366e+08,		0.3007,		inf,		-inf,		0,		0,		0,		0,		0,		0,		0.5797,		0.1932,		31812,		0,		0,		0,		3906,		0,		0,		0,		16,		0,		0,		0,		6556,		81,		0.2495,		
25.265076,		1.011826,		83,		0,		0,		-nan,		5152177,		-7.366e+08,		-7.366e+08,		-7.366e+08,		0.6378,		inf,		-inf,		0,		0,		0,		0,		0,		0,		0.5988,		0.2122,		31812,		0,		0,		0,		3906,		0,		0,		0,		16,		0,		0,		0,		6876,		86,		0.4941,		
26.270739,		1.005576,		80,		0,		0,		-nan,		4919466,		-7.366e+08,		-7.366e+08,		-7.366e+08,		0.05736,		inf,		-inf,		0,		0,		0,		0,		0,		0,		0.6238,		0.2174,		31812,		0,		0,		0,		3906,		0,		0,		0,		16,		0,		0,		0,		7177,		90,		0.3729,		
27.271927,		1.001103,		76,		0,		0,		-nan,		4705408,		-7.366e+08,		-7.366e+08,		-7.366e+08,		0.1885,		inf,		-inf,		0,		0,		0,		0,		0,		0,		0.6267,		0.235,		31812,		0,		0,		0,		3906,		0,		0,		0,		16,		0,		0,		0,		7460,		92,		0.2497,		
28.284258,		1.012246,		81,		0,		0,		-nan,		5033432,		-7.366e+08,		-7.366e+08,		-7.366e+08,		0.2553,		inf,		-inf,		0,		0,		0,		0,		0,		0,		0.6496,		0.2464,		31812,		0,		0,		0,		3906,		0,		0,		0,		16,		0,		0,		0,		7761,		94,		0.3704,		
29.294071,		1.009715,		81,		0,		0,		-nan,		4977990,		-7.366e+08,		-7.366e+08,		-7.366e+08,		0.1956,		inf,		-inf,		0,		0,		0,		0,		0,		0,		0.6678,		0.2582,		31812,		0,		0,		0,		3906,		0,		0,		0,		16,		0,		0,		0,		8039,		96,		0.3714,		
30.327103,		1.032941,		58,		0,		0,		-nan,		3590617,		-7.366e+08,		-7.366e+08,		-7.366e+08,		0.04916,		inf,		-inf,		0,		0,		0,		0,		0,		0,		0.7142,		0.2622,		31812,		0,		0,		0,		3906,		0,		0,		0,		16,		0,		0,		0,		8335,		96,		0.726,		
Maximum runtime reached. Exiting.
