Experiment id: da3f5d9b-7ac7-4f56-b1e0-5078a6e20e25
Performance Test Version: 57791ae
Logfile name: 
Communication mean: ROS2
RMW Implementation: rmw_fastrtps_cpp
DDS domain id: 0
QOS: Reliability: RELIABLE Durability: VOLATILE History kind: KEEP_LAST History depth: 10 Sync. pub/sub: 0
Publishing rate: 120
Topic name: Array60k
Maximum runtime (sec): 30
Number of publishers: 0
Number of subscribers: 1
Memory check enabled: 0
Use single participant: 0
With security: 0
Roundtrip Mode: NONE
Ignore seconds from beginning: 1

---EXPERIMENT-START---
T_experiment,	T_loop,	received,	sent,	lost,	relative_loss,	data_received,	latency_min (ms),	latency_max (ms),	latency_mean (ms),	latency_variance (ms),	pub_loop_res_min (ms),	pub_loop_res_max (ms),	pub_loop_res_mean (ms),	pub_loop_res_variance (ms),	sub_loop_res_min (ms),	sub_loop_res_max (ms),	sub_loop_res_mean (ms),	sub_loop_res_variance (ms),	ru_utime,	ru_stime,	ru_maxrss,	ru_ixrss,	ru_idrss,	ru_isrss,	ru_minflt,	ru_majflt,	ru_nswap,	ru_inblock,	ru_oublock,	ru_msgsnd,	ru_msgrcv,	ru_nsignals,	ru_nvcsw,	ru_nivcsw,	cpu_usage (%),	
2.013792,		1.010324,		82,		0,		0,		-nan,		5083162,		-7.376e+08,		-7.376e+08,		-7.376e+08,		8.578,		inf,		-inf,		0,		0,		0,		0,		0,		0,		0.08221,		0.07398,		32420,		0,		0,		0,		3912,		0,		0,		0,		8,		0,		0,		0,		710,		3,		0.866,		
3.041674,		1.027783,		81,		0,		0,		-nan,		4986338,		-7.376e+08,		-7.376e+08,		-7.376e+08,		7.208,		inf,		-inf,		0,		0,		0,		0,		0,		0,		0.1361,		0.1063,		32420,		0,		0,		0,		3912,		0,		0,		0,		8,		0,		0,		0,		1009,		4,		0.9729,		
4.063661,		1.021912,		70,		0,		6,		inf,		4303649,		-7.376e+08,		-7.376e+08,		-7.376e+08,		23.38,		inf,		-inf,		0,		0,		0,		0,		0,		0,		0.1971,		0.112,		32420,		0,		0,		0,		3912,		0,		0,		0,		8,		0,		0,		0,		1227,		4,		0.8562,		
5.064960,		1.001199,		96,		0,		67,		inf,		5956328,		-7.376e+08,		-7.376e+08,		-7.376e+08,		33.16,		inf,		-inf,		0,		0,		0,		0,		0,		0,		0.2246,		0.129,		32420,		0,		0,		0,		3912,		0,		0,		0,		8,		0,		0,		0,		1398,		4,		0.4993,		
6.066358,		1.001170,		98,		0,		21,		inf,		6072832,		-7.376e+08,		-7.376e+08,		-7.376e+08,		2.022,		inf,		-inf,		0,		0,		0,		0,		0,		0,		0.2655,		0.1403,		32420,		0,		0,		0,		3912,		0,		0,		0,		8,		0,		0,		0,		1597,		4,		0.7489,		
7.067136,		1.000488,		64,		0,		7,		inf,		3990745,		-7.376e+08,		-7.376e+08,		-7.376e+08,		15.81,		inf,		-inf,		0,		0,		0,		0,		0,		0,		0.2908,		0.1604,		32420,		0,		0,		0,		3912,		0,		0,		0,		16,		0,		0,		0,		1803,		5,		0.6245,		
8.093459,		1.026041,		32,		0,		4,		inf,		2025364,		-7.376e+08,		-7.376e+08,		-7.376e+08,		0.5849,		inf,		-inf,		0,		0,		0,		0,		0,		0,		0.3262,		0.168,		32420,		0,		0,		0,		3912,		0,		0,		0,		16,		0,		0,		0,		1885,		5,		0.3654,		
9.097574,		1.004034,		0,		0,		0,		-nan,		0,		inf,		-inf,		0,		-nan,		inf,		-inf,		0,		0,		0,		0,		0,		0,		0.331,		0.168,		32420,		0,		0,		0,		3912,		0,		0,		0,		16,		0,		0,		0,		1896,		5,		0.1245,		
10.102330,		1.004528,		0,		0,		0,		-nan,		0,		inf,		-inf,		0,		-nan,		inf,		-inf,		0,		0,		0,		0,		0,		0,		0.337,		0.168,		32420,		0,		0,		0,		3912,		0,		0,		0,		16,		0,		0,		0,		1912,		5,		0,		
11.107018,		1.004460,		0,		0,		0,		-nan,		0,		inf,		-inf,		0,		-nan,		inf,		-inf,		0,		0,		0,		0,		0,		0,		0.3418,		0.1685,		32420,		0,		0,		0,		3912,		0,		0,		0,		16,		0,		0,		0,		1924,		5,		0.1244,		
12.112790,		1.005680,		0,		0,		0,		-nan,		0,		inf,		-inf,		0,		-nan,		inf,		-inf,		0,		0,		0,		0,		0,		0,		0.3479,		0.1691,		32420,		0,		0,		0,		3912,		0,		0,		0,		16,		0,		0,		0,		1935,		5,		0,		
13.118814,		1.005922,		0,		0,		0,		-nan,		0,		inf,		-inf,		0,		-nan,		inf,		-inf,		0,		0,		0,		0,		0,		0,		0.355,		0.1691,		32420,		0,		0,		0,		3912,		0,		0,		0,		24,		0,		0,		0,		1950,		5,		0.1243,		
14.124456,		1.005530,		0,		0,		0,		-nan,		0,		inf,		-inf,		0,		-nan,		inf,		-inf,		0,		0,		0,		0,		0,		0,		0.3615,		0.1691,		32420,		0,		0,		0,		3912,		0,		0,		0,		24,		0,		0,		0,		1962,		5,		0.1243,		
15.129704,		1.005150,		0,		0,		0,		-nan,		0,		inf,		-inf,		0,		-nan,		inf,		-inf,		0,		0,		0,		0,		0,		0,		0.3673,		0.1691,		32420,		0,		0,		0,		3912,		0,		0,		0,		24,		0,		0,		0,		1973,		5,		0,		
16.135342,		1.005409,		0,		0,		0,		-nan,		0,		inf,		-inf,		0,		-nan,		inf,		-inf,		0,		0,		0,		0,		0,		0,		0.3739,		0.1691,		32420,		0,		0,		0,		3912,		0,		0,		0,		24,		0,		0,		0,		1988,		6,		0.1243,		
17.139826,		1.004382,		0,		0,		0,		-nan,		0,		inf,		-inf,		0,		-nan,		inf,		-inf,		0,		0,		0,		0,		0,		0,		0.3791,		0.1691,		32420,		0,		0,		0,		3912,		0,		0,		0,		32,		0,		0,		0,		2000,		6,		0,		
18.144598,		1.004666,		0,		0,		0,		-nan,		0,		inf,		-inf,		0,		-nan,		inf,		-inf,		0,		0,		0,		0,		0,		0,		0.3845,		0.1691,		32420,		0,		0,		0,		3912,		0,		0,		0,		32,		0,		0,		0,		2011,		7,		0.1244,		
19.149555,		1.004862,		0,		0,		0,		-nan,		0,		inf,		-inf,		0,		-nan,		inf,		-inf,		0,		0,		0,		0,		0,		0,		0.3911,		0.1691,		32420,		0,		0,		0,		3912,		0,		0,		0,		40,		0,		0,		0,		2026,		7,		0.1244,		
20.153919,		1.004267,		0,		0,		0,		-nan,		0,		inf,		-inf,		0,		-nan,		inf,		-inf,		0,		0,		0,		0,		0,		0,		0.3959,		0.1691,		32420,		0,		0,		0,		3912,		0,		0,		0,		40,		0,		0,		0,		2037,		7,		0,		
21.159863,		1.005844,		0,		0,		0,		-nan,		0,		inf,		-inf,		0,		-nan,		inf,		-inf,		0,		0,		0,		0,		0,		0,		0.4025,		0.1691,		32420,		0,		0,		0,		3912,		0,		0,		0,		40,		0,		0,		0,		2049,		7,		0.1243,		
22.165411,		1.005460,		0,		0,		0,		-nan,		0,		inf,		-inf,		0,		-nan,		inf,		-inf,		0,		0,		0,		0,		0,		0,		0.4097,		0.1691,		32420,		0,		0,		0,		3912,		0,		0,		0,		40,		0,		0,		0,		2064,		7,		0,		
23.170910,		1.005408,		0,		0,		0,		-nan,		0,		inf,		-inf,		0,		-nan,		inf,		-inf,		0,		0,		0,		0,		0,		0,		0.4158,		0.1691,		32420,		0,		0,		0,		3912,		0,		0,		0,		40,		0,		0,		0,		2075,		7,		0.1243,		
24.177168,		1.006162,		0,		0,		0,		-nan,		0,		inf,		-inf,		0,		-nan,		inf,		-inf,		0,		0,		0,		0,		0,		0,		0.4225,		0.1691,		32420,		0,		0,		0,		3912,		0,		0,		0,		40,		0,		0,		0,		2086,		8,		0.1242,		
25.183619,		1.006356,		0,		0,		0,		-nan,		0,		inf,		-inf,		0,		-nan,		inf,		-inf,		0,		0,		0,		0,		0,		0,		0.4304,		0.1691,		32420,		0,		0,		0,		3912,		0,		0,		0,		48,		0,		0,		0,		2102,		8,		0.1242,		
26.189571,		1.005858,		0,		0,		0,		-nan,		0,		inf,		-inf,		0,		-nan,		inf,		-inf,		0,		0,		0,		0,		0,		0,		0.4369,		0.1691,		32420,		0,		0,		0,		3912,		0,		0,		0,		48,		0,		0,		0,		2113,		8,		0,		
27.195522,		1.005753,		0,		0,		0,		-nan,		0,		inf,		-inf,		0,		-nan,		inf,		-inf,		0,		0,		0,		0,		0,		0,		0.4434,		0.1691,		32420,		0,		0,		0,		3912,		0,		0,		0,		48,		0,		0,		0,		2124,		9,		0.1243,		
28.201387,		1.005637,		0,		0,		0,		-nan,		0,		inf,		-inf,		0,		-nan,		inf,		-inf,		0,		0,		0,		0,		0,		0,		0.4503,		0.1691,		32420,		0,		0,		0,		3912,		0,		0,		0,		48,		0,		0,		0,		2138,		9,		0.1243,		
29.208055,		1.006574,		0,		0,		0,		-nan,		0,		inf,		-inf,		0,		-nan,		inf,		-inf,		0,		0,		0,		0,		0,		0,		0.4563,		0.1705,		32420,		0,		0,		0,		3912,		0,		0,		0,		48,		0,		0,		0,		2151,		9,		0.1242,		
30.214174,		1.006026,		0,		0,		0,		-nan,		0,		inf,		-inf,		0,		-nan,		inf,		-inf,		0,		0,		0,		0,		0,		0,		0.4623,		0.171,		32420,		0,		0,		0,		3912,		0,		0,		0,		48,		0,		0,		0,		2162,		10,		0.1242,		
Maximum runtime reached. Exiting.
