Experiment id: f5b68fcf-dd20-40ea-97a4-9b3966746ce2
Performance Test Version: 57791ae
Logfile name: 
Communication mean: ROS2
RMW Implementation: rmw_fastrtps_cpp
DDS domain id: 0
QOS: Reliability: RELIABLE Durability: VOLATILE History kind: KEEP_LAST History depth: 10 Sync. pub/sub: 0
Publishing rate: 80
Topic name: Array60k
Maximum runtime (sec): 30
Number of publishers: 0
Number of subscribers: 1
Memory check enabled: 0
Use single participant: 0
With security: 0
Roundtrip Mode: NONE
Ignore seconds from beginning: 1

---EXPERIMENT-START---
T_experiment,	T_loop,	received,	sent,	lost,	relative_loss,	data_received,	latency_min (ms),	latency_max (ms),	latency_mean (ms),	latency_variance (ms),	pub_loop_res_min (ms),	pub_loop_res_max (ms),	pub_loop_res_mean (ms),	pub_loop_res_variance (ms),	sub_loop_res_min (ms),	sub_loop_res_max (ms),	sub_loop_res_mean (ms),	sub_loop_res_variance (ms),	ru_utime,	ru_stime,	ru_maxrss,	ru_ixrss,	ru_idrss,	ru_isrss,	ru_minflt,	ru_majflt,	ru_nswap,	ru_inblock,	ru_oublock,	ru_msgsnd,	ru_msgrcv,	ru_nsignals,	ru_nvcsw,	ru_nivcsw,	cpu_usage (%),	
2.026954,		1.005924,		68,		0,		0,		-nan,		4213359,		-7.366e+08,		-7.366e+08,		-7.366e+08,		3.888,		inf,		-inf,		0,		0,		0,		0,		0,		0,		0.0791,		0.007897,		32116,		0,		0,		0,		3909,		0,		0,		0,		8,		0,		0,		0,		522,		2,		0.2485,		
3.032327,		1.005282,		74,		0,		0,		-nan,		4581655,		-7.366e+08,		-7.366e+08,		-7.366e+08,		1.443,		inf,		-inf,		0,		0,		0,		0,		0,		0,		0.09275,		0.01932,		32116,		0,		0,		0,		3909,		0,		0,		0,		8,		0,		0,		0,		805,		4,		0.373,		
4.045523,		1.013099,		75,		0,		0,		-nan,		4645647,		-7.366e+08,		-7.366e+08,		-7.366e+08,		0.3363,		inf,		-inf,		0,		0,		0,		0,		0,		0,		0.1257,		0.02095,		32116,		0,		0,		0,		3909,		0,		0,		0,		8,		0,		0,		0,		1089,		4,		0.4935,		
5.050252,		1.004633,		76,		0,		0,		-nan,		4731161,		-7.366e+08,		-7.366e+08,		-7.366e+08,		0.3573,		inf,		-inf,		0,		0,		0,		0,		0,		0,		0.1517,		0.02371,		32116,		0,		0,		0,		3909,		0,		0,		0,		8,		0,		0,		0,		1375,		4,		0.3732,		
6.060904,		1.010571,		64,		0,		0,		-nan,		3975890,		-7.366e+08,		-7.366e+08,		-7.366e+08,		3.887,		inf,		-inf,		0,		0,		0,		0,		0,		0,		0.1778,		0.02884,		32116,		0,		0,		0,		3909,		0,		0,		0,		8,		0,		0,		0,		1625,		5,		0.2474,		
7.063691,		1.002694,		69,		0,		0,		-nan,		4256527,		-7.366e+08,		-7.366e+08,		-7.366e+08,		2.469,		inf,		-inf,		0,		0,		0,		0,		0,		0,		0.1908,		0.03915,		32116,		0,		0,		0,		3909,		0,		0,		0,		8,		0,		0,		0,		1898,		7,		0.374,		
8.066660,		1.002876,		57,		0,		0,		-nan,		3554544,		-7.366e+08,		-7.366e+08,		-7.366e+08,		6.859,		inf,		-inf,		0,		0,		0,		0,		0,		0,		0.2,		0.04999,		32116,		0,		0,		0,		3909,		0,		0,		0,		8,		0,		0,		0,		2122,		8,		0.1246,		
9.070406,		1.003653,		66,		0,		0,		-nan,		4105328,		-7.366e+08,		-7.366e+08,		-7.366e+08,		2.076,		inf,		-inf,		0,		0,		0,		0,		0,		0,		0.217,		0.0566,		32116,		0,		0,		0,		3909,		0,		0,		0,		8,		0,		0,		0,		2380,		8,		0.3736,		
10.099869,		1.029376,		86,		0,		0,		-nan,		5326764,		-7.366e+08,		-7.366e+08,		-7.366e+08,		1.974,		inf,		-inf,		0,		0,		0,		0,		0,		0,		0.2648,		0.06393,		32116,		0,		0,		0,		3909,		0,		0,		0,		8,		0,		0,		0,		2698,		8,		0.7285,		
11.100614,		1.000660,		54,		0,		0,		-nan,		3343063,		-7.366e+08,		-7.366e+08,		-7.366e+08,		9.863,		inf,		-inf,		0,		0,		0,		0,		0,		0,		0.2764,		0.06909,		32116,		0,		0,		0,		3909,		0,		0,		0,		8,		0,		0,		0,		2919,		8,		0.1249,		
12.176467,		1.075766,		75,		0,		0,		-nan,		4667240,		-7.366e+08,		-7.366e+08,		-7.366e+08,		0.6213,		inf,		-inf,		0,		0,		0,		0,		0,		0,		0.369,		0.07381,		32116,		0,		0,		0,		3909,		0,		0,		0,		8,		0,		0,		0,		3215,		9,		1.162,		
13.209576,		1.033021,		41,		0,		37,		inf,		2570474,		-7.366e+08,		-7.366e+08,		-7.366e+08,		11.73,		inf,		-inf,		0,		0,		0,		0,		0,		0,		0.4078,		0.0779,		32116,		0,		0,		0,		3909,		0,		0,		0,		8,		0,		0,		0,		3355,		10,		0.484,		
14.210916,		1.001263,		0,		0,		0,		-nan,		0,		inf,		-inf,		0,		-nan,		inf,		-inf,		0,		0,		0,		0,		0,		0,		0.4094,		0.0782,		32116,		0,		0,		0,		3909,		0,		0,		0,		8,		0,		0,		0,		3370,		10,		0,		
15.212259,		1.001257,		0,		0,		0,		-nan,		0,		inf,		-inf,		0,		-nan,		inf,		-inf,		0,		0,		0,		0,		0,		0,		0.4109,		0.07848,		32116,		0,		0,		0,		3909,		0,		0,		0,		8,		0,		0,		0,		3381,		10,		0.1248,		
16.213661,		1.001305,		0,		0,		0,		-nan,		0,		inf,		-inf,		0,		-nan,		inf,		-inf,		0,		0,		0,		0,		0,		0,		0.413,		0.07848,		32116,		0,		0,		0,		3909,		0,		0,		0,		16,		0,		0,		0,		3396,		10,		0,		
17.215010,		1.001251,		0,		0,		0,		-nan,		0,		inf,		-inf,		0,		-nan,		inf,		-inf,		0,		0,		0,		0,		0,		0,		0.4148,		0.07848,		32116,		0,		0,		0,		3909,		0,		0,		0,		16,		0,		0,		0,		3408,		10,		0,		
18.216328,		1.001238,		0,		0,		0,		-nan,		0,		inf,		-inf,		0,		-nan,		inf,		-inf,		0,		0,		0,		0,		0,		0,		0.4163,		0.07864,		32116,		0,		0,		0,		3909,		0,		0,		0,		16,		0,		0,		0,		3419,		10,		0,		
19.217684,		1.001252,		0,		0,		0,		-nan,		0,		inf,		-inf,		0,		-nan,		inf,		-inf,		0,		0,		0,		0,		0,		0,		0.4184,		0.07864,		32116,		0,		0,		0,		3909,		0,		0,		0,		16,		0,		0,		0,		3434,		10,		0,		
20.218988,		1.001203,		0,		0,		0,		-nan,		0,		inf,		-inf,		0,		-nan,		inf,		-inf,		0,		0,		0,		0,		0,		0,		0.4201,		0.07864,		32116,		0,		0,		0,		3909,		0,		0,		0,		16,		0,		0,		0,		3446,		10,		0.1248,		
21.220278,		1.001204,		0,		0,		0,		-nan,		0,		inf,		-inf,		0,		-nan,		inf,		-inf,		0,		0,		0,		0,		0,		0,		0.4217,		0.07877,		32116,		0,		0,		0,		3909,		0,		0,		0,		16,		0,		0,		0,		3458,		10,		0,		
22.221577,		1.001210,		0,		0,		0,		-nan,		0,		inf,		-inf,		0,		-nan,		inf,		-inf,		0,		0,		0,		0,		0,		0,		0.4236,		0.07877,		32116,		0,		0,		0,		3909,		0,		0,		0,		16,		0,		0,		0,		3473,		10,		0,		
23.222878,		1.001217,		0,		0,		0,		-nan,		0,		inf,		-inf,		0,		-nan,		inf,		-inf,		0,		0,		0,		0,		0,		0,		0.4253,		0.07877,		32116,		0,		0,		0,		3909,		0,		0,		0,		16,		0,		0,		0,		3484,		10,		0,		
24.224173,		1.001176,		0,		0,		0,		-nan,		0,		inf,		-inf,		0,		-nan,		inf,		-inf,		0,		0,		0,		0,		0,		0,		0.4269,		0.07888,		32116,		0,		0,		0,		3909,		0,		0,		0,		16,		0,		0,		0,		3495,		10,		0,		
25.225515,		1.001247,		0,		0,		0,		-nan,		0,		inf,		-inf,		0,		-nan,		inf,		-inf,		0,		0,		0,		0,		0,		0,		0.4288,		0.07888,		32116,		0,		0,		0,		3909,		0,		0,		0,		16,		0,		0,		0,		3509,		10,		0,		
26.226795,		1.001186,		0,		0,		0,		-nan,		0,		inf,		-inf,		0,		-nan,		inf,		-inf,		0,		0,		0,		0,		0,		0,		0.4305,		0.07888,		32116,		0,		0,		0,		3909,		0,		0,		0,		16,		0,		0,		0,		3521,		10,		0.1248,		
27.228136,		1.001257,		0,		0,		0,		-nan,		0,		inf,		-inf,		0,		-nan,		inf,		-inf,		0,		0,		0,		0,		0,		0,		0.4321,		0.07899,		32116,		0,		0,		0,		3909,		0,		0,		0,		16,		0,		0,		0,		3532,		10,		0,		
28.229425,		1.001192,		0,		0,		0,		-nan,		0,		inf,		-inf,		0,		-nan,		inf,		-inf,		0,		0,		0,		0,		0,		0,		0.434,		0.07899,		32116,		0,		0,		0,		3909,		0,		0,		0,		16,		0,		0,		0,		3547,		10,		0,		
29.230730,		1.001203,		0,		0,		0,		-nan,		0,		inf,		-inf,		0,		-nan,		inf,		-inf,		0,		0,		0,		0,		0,		0,		0.4358,		0.07899,		32116,		0,		0,		0,		3909,		0,		0,		0,		16,		0,		0,		0,		3559,		10,		0,		
30.232077,		1.001236,		0,		0,		0,		-nan,		0,		inf,		-inf,		0,		-nan,		inf,		-inf,		0,		0,		0,		0,		0,		0,		0.4395,		0.07948,		32116,		0,		0,		0,		3909,		0,		0,		0,		16,		0,		0,		0,		3624,		10,		0,		
Maximum runtime reached. Exiting.
