Experiment id: 9558e11e-aa41-430c-b91c-8d562e0d4e77
Performance Test Version: 57791ae
Logfile name: 
Communication mean: ROS2
RMW Implementation: rmw_fastrtps_cpp
DDS domain id: 0
QOS: Reliability: RELIABLE Durability: VOLATILE History kind: KEEP_LAST History depth: 10 Sync. pub/sub: 0
Publishing rate: 80
Topic name: Array60k
Maximum runtime (sec): 30
Number of publishers: 0
Number of subscribers: 1
Memory check enabled: 0
Use single participant: 0
With security: 0
Roundtrip Mode: NONE
Ignore seconds from beginning: 1

---EXPERIMENT-START---
T_experiment,	T_loop,	received,	sent,	lost,	relative_loss,	data_received,	latency_min (ms),	latency_max (ms),	latency_mean (ms),	latency_variance (ms),	pub_loop_res_min (ms),	pub_loop_res_max (ms),	pub_loop_res_mean (ms),	pub_loop_res_variance (ms),	sub_loop_res_min (ms),	sub_loop_res_max (ms),	sub_loop_res_mean (ms),	sub_loop_res_variance (ms),	ru_utime,	ru_stime,	ru_maxrss,	ru_ixrss,	ru_idrss,	ru_isrss,	ru_minflt,	ru_majflt,	ru_nswap,	ru_inblock,	ru_oublock,	ru_msgsnd,	ru_msgrcv,	ru_nsignals,	ru_nvcsw,	ru_nivcsw,	cpu_usage (%),	
2.044438,		1.004090,		63,		0,		0,		-nan,		3899168,		-7.366e+08,		-7.366e+08,		-7.366e+08,		11.16,		inf,		-inf,		0,		0,		0,		0,		0,		0,		0.1018,		0.05891,		31988,		0,		0,		0,		3909,		0,		0,		0,		8,		0,		0,		0,		562,		1,		0.4979,		
3.063569,		1.018877,		76,		0,		0,		-nan,		4711547,		-7.366e+08,		-7.366e+08,		-7.366e+08,		1.777,		inf,		-inf,		0,		0,		0,		0,		0,		0,		0.1452,		0.089,		31988,		0,		0,		0,		3909,		0,		0,		0,		8,		0,		0,		0,		848,		2,		0.8586,		
4.064857,		1.001207,		101,		0,		0,		-nan,		6214692,		-7.366e+08,		-7.366e+08,		-7.366e+08,		7.414,		inf,		-inf,		0,		0,		0,		0,		0,		0,		0.1883,		0.1177,		31988,		0,		0,		0,		3909,		0,		0,		0,		8,		0,		0,		0,		1216,		4,		0.8739,		
5.072169,		1.007042,		100,		0,		0,		-nan,		6195774,		-7.366e+08,		-7.366e+08,		-7.366e+08,		7.9,		inf,		-inf,		0,		0,		0,		0,		0,		0,		0.2488,		0.1393,		31988,		0,		0,		0,		3909,		0,		0,		0,		8,		0,		0,		0,		1566,		7,		0.9928,		
6.075579,		1.003311,		81,		0,		0,		-nan,		5004224,		-7.366e+08,		-7.366e+08,		-7.366e+08,		0.6554,		inf,		-inf,		0,		0,		0,		0,		0,		0,		0.2942,		0.1609,		31988,		0,		0,		0,		3909,		0,		0,		0,		8,		0,		0,		0,		1865,		10,		0.9966,		
7.078026,		1.002344,		79,		0,		0,		-nan,		4901002,		-7.366e+08,		-7.366e+08,		-7.366e+08,		0.04211,		inf,		-inf,		0,		0,		0,		0,		0,		0,		0.3535,		0.1699,		31988,		0,		0,		0,		3909,		0,		0,		0,		16,		0,		0,		0,		2175,		13,		0.7482,		
8.095163,		1.016868,		80,		0,		0,		-nan,		4964756,		-7.366e+08,		-7.366e+08,		-7.366e+08,		0.02547,		inf,		-inf,		0,		0,		0,		0,		0,		0,		0.3994,		0.202,		31988,		0,		0,		0,		3909,		0,		0,		0,		16,		0,		0,		0,		2478,		14,		0.9832,		
9.107747,		1.012496,		79,		0,		0,		-nan,		4893954,		-7.366e+08,		-7.366e+08,		-7.366e+08,		0.0397,		inf,		-inf,		0,		0,		0,		0,		0,		0,		0.4427,		0.2328,		31988,		0,		0,		0,		3909,		0,		0,		0,		16,		0,		0,		0,		2783,		16,		0.9876,		
10.122681,		1.014831,		80,		0,		0,		-nan,		4916724,		-7.366e+08,		-7.366e+08,		-7.366e+08,		0.09841,		inf,		-inf,		0,		0,		0,		0,		0,		0,		0.4994,		0.2451,		31988,		0,		0,		0,		3909,		0,		0,		0,		16,		0,		0,		0,		3045,		16,		0.739,		
11.125656,		1.002879,		79,		0,		0,		-nan,		4904192,		-7.366e+08,		-7.366e+08,		-7.366e+08,		0.09055,		inf,		-inf,		0,		0,		0,		0,		0,		0,		0.5348,		0.2745,		31988,		0,		0,		0,		3909,		0,		0,		0,		16,		0,		0,		0,		3348,		19,		0.8724,		
12.135420,		1.009503,		80,		0,		0,		-nan,		4963183,		-7.366e+08,		-7.366e+08,		-7.366e+08,		0.02817,		inf,		-inf,		0,		0,		0,		0,		0,		0,		0.5823,		0.301,		31988,		0,		0,		0,		3909,		0,		0,		0,		24,		0,		0,		0,		3657,		21,		0.9903,		
13.137687,		1.002174,		79,		0,		0,		-nan,		4867939,		-7.366e+08,		-7.366e+08,		-7.366e+08,		0.02345,		inf,		-inf,		0,		0,		0,		0,		0,		0,		0.612,		0.3303,		31988,		0,		0,		0,		3909,		0,		0,		0,		24,		0,		0,		0,		3919,		21,		0.7483,		
14.149276,		1.011333,		80,		0,		0,		-nan,		4967405,		-7.366e+08,		-7.366e+08,		-7.366e+08,		0.0242,		inf,		-inf,		0,		0,		0,		0,		0,		0,		0.6604,		0.335,		31988,		0,		0,		0,		3909,		0,		0,		0,		24,		0,		0,		0,		4080,		21,		0.6179,		
15.150537,		1.001162,		79,		0,		0,		-nan,		4860514,		-7.366e+08,		-7.366e+08,		-7.366e+08,		0.02122,		inf,		-inf,		0,		0,		0,		0,		0,		0,		0.689,		0.3469,		31988,		0,		0,		0,		3909,		0,		0,		0,		32,		0,		0,		0,		4241,		22,		0.3745,		
16.163057,		1.012285,		80,		0,		0,		-nan,		4971268,		-7.366e+08,		-7.366e+08,		-7.366e+08,		0.02539,		inf,		-inf,		0,		0,		0,		0,		0,		0,		0.7368,		0.3637,		31988,		0,		0,		0,		3909,		0,		0,		0,		32,		0,		0,		0,		4506,		22,		0.8642,		
17.184479,		1.021193,		80,		0,		0,		-nan,		4916875,		-7.366e+08,		-7.366e+08,		-7.366e+08,		0.02386,		inf,		-inf,		0,		0,		0,		0,		0,		0,		0.7971,		0.3891,		31988,		0,		0,		0,		3909,		0,		0,		0,		32,		0,		0,		0,		4815,		22,		0.979,		
18.185358,		1.000795,		79,		0,		0,		-nan,		4874333,		-7.366e+08,		-7.366e+08,		-7.366e+08,		0.01469,		inf,		-inf,		0,		0,		0,		0,		0,		0,		0.8339,		0.4146,		31988,		0,		0,		0,		3909,		0,		0,		0,		40,		0,		0,		0,		5128,		22,		0.8742,		
19.186703,		1.001085,		79,		0,		0,		-nan,		4910744,		-7.366e+08,		-7.366e+08,		-7.366e+08,		0.019,		inf,		-inf,		0,		0,		0,		0,		0,		0,		0.8768,		0.4337,		31988,		0,		0,		0,		3909,		0,		0,		0,		40,		0,		0,		0,		5431,		23,		0.749,		
20.193748,		1.006792,		74,		0,		0,		-nan,		4602080,		-7.366e+08,		-7.366e+08,		-7.366e+08,		0.7134,		inf,		-inf,		0,		0,		0,		0,		0,		0,		0.9235,		0.4523,		31988,		0,		0,		0,		3909,		0,		0,		0,		40,		0,		0,		0,		5715,		25,		0.8689,		
21.198584,		1.004739,		85,		0,		0,		-nan,		5250802,		-7.366e+08,		-7.366e+08,		-7.366e+08,		0.322,		inf,		-inf,		0,		0,		0,		0,		0,		0,		0.9771,		0.4669,		31988,		0,		0,		0,		3909,		0,		0,		0,		40,		0,		0,		0,		6039,		26,		0.7464,		
22.201616,		1.002802,		79,		0,		0,		-nan,		4890611,		-7.366e+08,		-7.366e+08,		-7.366e+08,		0.04027,		inf,		-inf,		0,		0,		0,		0,		0,		0,		0.9979,		0.5086,		31988,		0,		0,		0,		3909,		0,		0,		0,		40,		0,		0,		0,		6347,		27,		0.7477,		
23.212132,		1.010283,		80,		0,		0,		-nan,		4963686,		-7.366e+08,		-7.366e+08,		-7.366e+08,		0.04865,		inf,		-inf,		0,		0,		0,		0,		0,		0,		1.047,		0.531,		31988,		0,		0,		0,		3909,		0,		0,		0,		40,		0,		0,		0,		6660,		28,		0.9896,		
24.222483,		1.010255,		80,		0,		0,		-nan,		4926027,		-7.366e+08,		-7.366e+08,		-7.366e+08,		1.009,		inf,		-inf,		0,		0,		0,		0,		0,		0,		1.103,		0.5468,		31988,		0,		0,		0,		3909,		0,		0,		0,		40,		0,		0,		0,		6957,		28,		0.866,		
25.224827,		1.002246,		79,		0,		0,		-nan,		4866853,		-7.366e+08,		-7.366e+08,		-7.366e+08,		0.03383,		inf,		-inf,		0,		0,		0,		0,		0,		0,		1.14,		0.577,		31988,		0,		0,		0,		3909,		0,		0,		0,		40,		0,		0,		0,		7266,		29,		0.7482,		
26.226358,		1.001307,		74,		0,		0,		-nan,		4597421,		-7.366e+08,		-7.366e+08,		-7.366e+08,		0.352,		inf,		-inf,		0,		0,		0,		0,		0,		0,		1.177,		0.6027,		31988,		0,		0,		0,		3909,		0,		0,		0,		40,		0,		0,		0,		7549,		29,		0.8737,		
27.236654,		1.010038,		83,		0,		0,		-nan,		5154008,		-7.366e+08,		-7.366e+08,		-7.366e+08,		1.757,		inf,		-inf,		0,		0,		0,		0,		0,		0,		1.226,		0.6273,		31988,		0,		0,		0,		3909,		0,		0,		0,		40,		0,		0,		0,		7855,		30,		0.8661,		
28.242712,		1.005961,		81,		0,		0,		-nan,		4988964,		-7.366e+08,		-7.366e+08,		-7.366e+08,		0.04738,		inf,		-inf,		0,		0,		0,		0,		0,		0,		1.287,		0.6316,		31988,		0,		0,		0,		3909,		0,		0,		0,		40,		0,		0,		0,		8169,		30,		0.8697,		
29.249718,		1.006759,		58,		0,		1,		inf,		3603351,		-7.366e+08,		-7.366e+08,		-7.366e+08,		23.28,		inf,		-inf,		0,		0,		0,		0,		0,		0,		1.325,		0.6453,		31988,		0,		0,		0,		3909,		0,		0,		0,		40,		0,		0,		0,		8382,		30,		0.6207,		
30.311506,		1.061696,		80,		0,		0,		-nan,		4943038,		-7.366e+08,		-7.366e+08,		-7.366e+08,		6.877,		inf,		-inf,		0,		0,		0,		0,		0,		0,		1.42,		0.6739,		31988,		0,		0,		0,		3909,		0,		0,		0,		40,		0,		0,		0,		8702,		31,		1.53,		
Maximum runtime reached. Exiting.
