Experiment id: d9c552fa-f4df-4531-b538-f9c53a15ef8e
Performance Test Version: 57791ae
Logfile name: 
Communication mean: ROS2
RMW Implementation: rmw_fastrtps_cpp
DDS domain id: 0
QOS: Reliability: RELIABLE Durability: VOLATILE History kind: KEEP_LAST History depth: 10 Sync. pub/sub: 0
Publishing rate: 80
Topic name: Array60k
Maximum runtime (sec): 30
Number of publishers: 0
Number of subscribers: 1
Memory check enabled: 0
Use single participant: 0
With security: 0
Roundtrip Mode: NONE
Ignore seconds from beginning: 1

---EXPERIMENT-START---
T_experiment,	T_loop,	received,	sent,	lost,	relative_loss,	data_received,	latency_min (ms),	latency_max (ms),	latency_mean (ms),	latency_variance (ms),	pub_loop_res_min (ms),	pub_loop_res_max (ms),	pub_loop_res_mean (ms),	pub_loop_res_variance (ms),	sub_loop_res_min (ms),	sub_loop_res_max (ms),	sub_loop_res_mean (ms),	sub_loop_res_variance (ms),	ru_utime,	ru_stime,	ru_maxrss,	ru_ixrss,	ru_idrss,	ru_isrss,	ru_minflt,	ru_majflt,	ru_nswap,	ru_inblock,	ru_oublock,	ru_msgsnd,	ru_msgrcv,	ru_nsignals,	ru_nvcsw,	ru_nivcsw,	cpu_usage (%),	
2.008139,		1.004190,		60,		0,		0,		-nan,		3734061,		-7.366e+08,		-7.366e+08,		-7.366e+08,		6.222,		inf,		-inf,		0,		0,		0,		0,		0,		0,		0.05486,		0.01097,		32076,		0,		0,		0,		3903,		0,		0,		0,		8,		0,		0,		0,		551,		3,		0.3734,		
3.020587,		1.012341,		87,		0,		0,		-nan,		5385024,		-7.366e+08,		-7.366e+08,		-7.366e+08,		0.7929,		inf,		-inf,		0,		0,		0,		0,		0,		0,		0.08057,		0.02014,		32076,		0,		0,		0,		3903,		0,		0,		0,		8,		0,		0,		0,		860,		5,		0.4939,		
4.021793,		1.001128,		83,		0,		0,		-nan,		5159669,		-7.366e+08,		-7.366e+08,		-7.366e+08,		1.23,		inf,		-inf,		0,		0,		0,		0,		0,		0,		0.09749,		0.02785,		32076,		0,		0,		0,		3903,		0,		0,		0,		8,		0,		0,		0,		1178,		6,		0.1248,		
5.031598,		1.009715,		84,		0,		0,		-nan,		5217491,		-7.366e+08,		-7.366e+08,		-7.366e+08,		1.549,		inf,		-inf,		0,		0,		0,		0,		0,		0,		0.1317,		0.02926,		32076,		0,		0,		0,		3903,		0,		0,		0,		8,		0,		0,		0,		1490,		6,		0.4951,		
6.032170,		1.000492,		79,		0,		0,		-nan,		4868708,		-7.366e+08,		-7.366e+08,		-7.366e+08,		0.4039,		inf,		-inf,		0,		0,		0,		0,		0,		0,		0.1428,		0.04432,		32076,		0,		0,		0,		3903,		0,		0,		0,		8,		0,		0,		0,		1801,		6,		0.3748,		
7.043389,		1.011124,		84,		0,		0,		-nan,		5220751,		-7.366e+08,		-7.366e+08,		-7.366e+08,		0.3112,		inf,		-inf,		0,		0,		0,		0,		0,		0,		0.1722,		0.04919,		32076,		0,		0,		0,		3903,		0,		0,		0,		16,		0,		0,		0,		2132,		7,		0.3708,		
8.057919,		1.014438,		77,		0,		0,		-nan,		4740347,		-7.366e+08,		-7.366e+08,		-7.366e+08,		0.06201,		inf,		-inf,		0,		0,		0,		0,		0,		0,		0.2083,		0.0496,		32076,		0,		0,		0,		3903,		0,		0,		0,		16,		0,		0,		0,		2435,		8,		0.3696,		
9.061018,		1.003011,		58,		0,		0,		-nan,		3573972,		-7.366e+08,		-7.366e+08,		-7.366e+08,		4.51,		inf,		-inf,		0,		0,		0,		0,		0,		0,		0.2254,		0.05241,		32076,		0,		0,		0,		3903,		0,		0,		0,		16,		0,		0,		0,		2655,		9,		0.3738,		
10.066041,		1.004928,		70,		0,		0,		-nan,		4349915,		-7.366e+08,		-7.366e+08,		-7.366e+08,		1.669,		inf,		-inf,		0,		0,		0,		0,		0,		0,		0.2336,		0.06749,		32076,		0,		0,		0,		3903,		0,		0,		0,		16,		0,		0,		0,		2920,		9,		0.2488,		
11.073702,		1.007579,		57,		0,		0,		-nan,		3546663,		-7.366e+08,		-7.366e+08,		-7.366e+08,		10.17,		inf,		-inf,		0,		0,		0,		0,		0,		0,		0.2501,		0.07504,		32076,		0,		0,		0,		3903,		0,		0,		0,		16,		0,		0,		0,		3141,		11,		0.3721,		
12.074342,		1.000556,		69,		0,		0,		-nan,		4269207,		-7.366e+08,		-7.366e+08,		-7.366e+08,		1.786,		inf,		-inf,		0,		0,		0,		0,		0,		0,		0.268,		0.07586,		32076,		0,		0,		0,		3903,		0,		0,		0,		16,		0,		0,		0,		3385,		13,		0.1249,		
13.075286,		1.000848,		70,		0,		0,		-nan,		4360539,		-7.366e+08,		-7.366e+08,		-7.366e+08,		1.391,		inf,		-inf,		0,		0,		0,		0,		0,		0,		0.2842,		0.07895,		32076,		0,		0,		0,		3903,		0,		0,		0,		24,		0,		0,		0,		3642,		15,		0.2498,		
14.092675,		1.017301,		82,		0,		0,		-nan,		5096059,		-7.366e+08,		-7.366e+08,		-7.366e+08,		0.6558,		inf,		-inf,		0,		0,		0,		0,		0,		0,		0.3154,		0.08648,		32076,		0,		0,		0,		3903,		0,		0,		0,		24,		0,		0,		0,		3928,		16,		0.4915,		
15.099491,		1.006728,		94,		0,		0,		-nan,		5798950,		-7.366e+08,		-7.366e+08,		-7.366e+08,		4.59,		inf,		-inf,		0,		0,		0,		0,		0,		0,		0.3425,		0.08934,		32076,		0,		0,		0,		3903,		0,		0,		0,		32,		0,		0,		0,		4259,		22,		0.3725,		
16.102757,		1.003183,		108,		0,		0,		-nan,		6653425,		-7.366e+08,		-7.366e+08,		-7.366e+08,		11.86,		inf,		-inf,		0,		0,		0,		0,		0,		0,		0.3738,		0.08934,		32076,		0,		0,		0,		3903,		0,		0,		0,		32,		0,		0,		0,		4645,		22,		0.3738,		
17.107899,		1.005052,		102,		0,		0,		-nan,		6309282,		-7.366e+08,		-7.366e+08,		-7.366e+08,		5.338,		inf,		-inf,		0,		0,		0,		0,		0,		0,		0.3939,		0.1009,		32076,		0,		0,		0,		3903,		0,		0,		0,		32,		0,		0,		0,		5012,		25,		0.4974,		
18.122938,		1.014942,		87,		0,		0,		-nan,		5380428,		-7.366e+08,		-7.366e+08,		-7.366e+08,		1.385,		inf,		-inf,		0,		0,		0,		0,		0,		0,		0.4265,		0.1066,		32076,		0,		0,		0,		3903,		0,		0,		0,		32,		0,		0,		0,		5327,		28,		0.3694,		
19.134571,		1.011536,		77,		0,		0,		-nan,		4783104,		-7.366e+08,		-7.366e+08,		-7.366e+08,		0.1763,		inf,		-inf,		0,		0,		0,		0,		0,		0,		0.4272,		0.1393,		32076,		0,		0,		0,		3903,		0,		0,		0,		40,		0,		0,		0,		5623,		32,		0.3707,		
20.142414,		1.007746,		81,		0,		0,		-nan,		4981341,		-7.366e+08,		-7.366e+08,		-7.366e+08,		0.1399,		inf,		-inf,		0,		0,		0,		0,		0,		0,		0.4491,		0.1465,		32076,		0,		0,		0,		3903,		0,		0,		0,		40,		0,		0,		0,		5922,		33,		0.3721,		
21.161123,		1.018607,		80,		0,		0,		-nan,		4939120,		-7.366e+08,		-7.366e+08,		-7.366e+08,		0.06827,		inf,		-inf,		0,		0,		0,		0,		0,		0,		0.4878,		0.1483,		32076,		0,		0,		0,		3903,		0,		0,		0,		40,		0,		0,		0,		6233,		38,		0.4908,		
22.166822,		1.005607,		80,		0,		0,		-nan,		4947020,		-7.366e+08,		-7.366e+08,		-7.366e+08,		0.1429,		inf,		-inf,		0,		0,		0,		0,		0,		0,		0.498,		0.166,		32076,		0,		0,		0,		3903,		0,		0,		0,		40,		0,		0,		0,		6535,		39,		0.3729,		
23.172581,		1.005657,		80,		0,		0,		-nan,		4949722,		-7.366e+08,		-7.366e+08,		-7.366e+08,		0.03787,		inf,		-inf,		0,		0,		0,		0,		0,		0,		0.5161,		0.1752,		32076,		0,		0,		0,		3903,		0,		0,		0,		40,		0,		0,		0,		6843,		41,		0.3729,		
24.184130,		1.011459,		80,		0,		0,		-nan,		4949546,		-7.366e+08,		-7.366e+08,		-7.366e+08,		0.03665,		inf,		-inf,		0,		0,		0,		0,		0,		0,		0.5421,		0.1807,		32076,		0,		0,		0,		3903,		0,		0,		0,		40,		0,		0,		0,		7155,		43,		0.4943,		
25.186190,		1.001974,		79,		0,		0,		-nan,		4860325,		-7.366e+08,		-7.366e+08,		-7.366e+08,		0.0352,		inf,		-inf,		0,		0,		0,		0,		0,		0,		0.5536,		0.1954,		32076,		0,		0,		0,		3903,		0,		0,		0,		48,		0,		0,		0,		7463,		46,		0.2495,		
26.189474,		1.003197,		78,		0,		0,		-nan,		4844987,		-7.366e+08,		-7.366e+08,		-7.366e+08,		0.06002,		inf,		-inf,		0,		0,		0,		0,		0,		0,		0.5679,		0.2082,		32076,		0,		0,		0,		3903,		0,		0,		0,		48,		0,		0,		0,		7755,		50,		0.2492,		
27.205658,		1.016074,		81,		0,		0,		-nan,		5022794,		-7.366e+08,		-7.366e+08,		-7.366e+08,		0.5781,		inf,		-inf,		0,		0,		0,		0,		0,		0,		0.5917,		0.2248,		32076,		0,		0,		0,		3903,		0,		0,		0,		48,		0,		0,		0,		8063,		53,		0.615,		
28.209778,		1.004039,		79,		0,		0,		-nan,		4898964,		-7.366e+08,		-7.366e+08,		-7.366e+08,		0.03861,		inf,		-inf,		0,		0,		0,		0,		0,		0,		0.6146,		0.2317,		32076,		0,		0,		0,		3903,		0,		0,		0,		48,		0,		0,		0,		8379,		56,		0.3735,		
29.235928,		1.026045,		80,		0,		0,		-nan,		4957161,		-7.366e+08,		-7.366e+08,		-7.366e+08,		0.05272,		inf,		-inf,		0,		0,		0,		0,		0,		0,		0.6566,		0.2396,		32076,		0,		0,		0,		3903,		0,		0,		0,		48,		0,		0,		0,		8682,		58,		0.4873,		
30.304886,		1.068857,		59,		0,		0,		-nan,		3653309,		-7.366e+08,		-7.366e+08,		-7.366e+08,		0.1309,		inf,		-inf,		0,		0,		0,		0,		0,		0,		0.7407,		0.2437,		32076,		0,		0,		0,		3903,		0,		0,		0,		48,		0,		0,		0,		8943,		61,		1.169,		
Maximum runtime reached. Exiting.
