Experiment id: 901229da-b468-48b0-b165-a8b529efb05d
Performance Test Version: 57791ae
Logfile name: 
Communication mean: ROS2
RMW Implementation: rmw_fastrtps_cpp
DDS domain id: 0
QOS: Reliability: RELIABLE Durability: VOLATILE History kind: KEEP_LAST History depth: 10 Sync. pub/sub: 0
Publishing rate: 120
Topic name: Array60k
Maximum runtime (sec): 30
Number of publishers: 0
Number of subscribers: 1
Memory check enabled: 0
Use single participant: 0
With security: 0
Roundtrip Mode: NONE
Ignore seconds from beginning: 1

---EXPERIMENT-START---
T_experiment,	T_loop,	received,	sent,	lost,	relative_loss,	data_received,	latency_min (ms),	latency_max (ms),	latency_mean (ms),	latency_variance (ms),	pub_loop_res_min (ms),	pub_loop_res_max (ms),	pub_loop_res_mean (ms),	pub_loop_res_variance (ms),	sub_loop_res_min (ms),	sub_loop_res_max (ms),	sub_loop_res_mean (ms),	sub_loop_res_variance (ms),	ru_utime,	ru_stime,	ru_maxrss,	ru_ixrss,	ru_idrss,	ru_isrss,	ru_minflt,	ru_majflt,	ru_nswap,	ru_inblock,	ru_oublock,	ru_msgsnd,	ru_msgrcv,	ru_nsignals,	ru_nvcsw,	ru_nivcsw,	cpu_usage (%),	
2.009353,		1.006555,		93,		0,		9,		inf,		5759411,		-7.376e+08,		-7.376e+08,		-7.376e+08,		8.333,		inf,		-inf,		0,		0,		0,		0,		0,		0,		0.09146,		0.05879,		31940,		0,		0,		0,		3904,		0,		0,		0,		8,		0,		0,		0,		687,		3,		0.8692,		
3.016850,		1.007390,		86,		0,		0,		-nan,		5311262,		-7.376e+08,		-7.376e+08,		-7.376e+08,		8.681,		inf,		-inf,		0,		0,		0,		0,		0,		0,		0.1206,		0.09046,		31940,		0,		0,		0,		3904,		0,		0,		0,		8,		0,		0,		0,		936,		4,		0.8685,		
4.039575,		1.022633,		71,		0,		0,		-nan,		4391983,		-7.376e+08,		-7.376e+08,		-7.376e+08,		9.12,		inf,		-inf,		0,		0,		0,		0,		0,		0,		0.1774,		0.1021,		31940,		0,		0,		0,		3904,		0,		0,		0,		8,		0,		0,		0,		1175,		5,		0.7333,		
5.081978,		1.042321,		73,		0,		38,		inf,		4507619,		-7.376e+08,		-7.376e+08,		-7.376e+08,		3.349,		inf,		-inf,		0,		0,		0,		0,		0,		0,		0.2519,		0.1188,		31940,		0,		0,		0,		3904,		0,		0,		0,		8,		0,		0,		0,		1418,		6,		1.079,		
6.086321,		1.004260,		0,		0,		0,		-nan,		0,		inf,		-inf,		0,		-nan,		inf,		-inf,		0,		0,		0,		0,		0,		0,		0.257,		0.119,		31940,		0,		0,		0,		3904,		0,		0,		0,		8,		0,		0,		0,		1429,		6,		0,		
7.092827,		1.006270,		0,		0,		0,		-nan,		0,		inf,		-inf,		0,		-nan,		inf,		-inf,		0,		0,		0,		0,		0,		0,		0.2649,		0.119,		31940,		0,		0,		0,		3904,		0,		0,		0,		16,		0,		0,		0,		1445,		6,		0.1242,		
8.097367,		1.004443,		0,		0,		0,		-nan,		0,		inf,		-inf,		0,		-nan,		inf,		-inf,		0,		0,		0,		0,		0,		0,		0.2705,		0.119,		31940,		0,		0,		0,		3904,		0,		0,		0,		16,		0,		0,		0,		1457,		6,		0.1244,		
9.102139,		1.004674,		0,		0,		0,		-nan,		0,		inf,		-inf,		0,		-nan,		inf,		-inf,		0,		0,		0,		0,		0,		0,		0.2759,		0.119,		31940,		0,		0,		0,		3904,		0,		0,		0,		16,		0,		0,		0,		1468,		6,		0,		
10.106803,		1.004422,		0,		0,		0,		-nan,		0,		inf,		-inf,		0,		-nan,		inf,		-inf,		0,		0,		0,		0,		0,		0,		0.2819,		0.119,		31940,		0,		0,		0,		3904,		0,		0,		0,		16,		0,		0,		0,		1484,		6,		0.1244,		
11.111684,		1.004642,		0,		0,		0,		-nan,		0,		inf,		-inf,		0,		-nan,		inf,		-inf,		0,		0,		0,		0,		0,		0,		0.2873,		0.119,		31940,		0,		0,		0,		3904,		0,		0,		0,		16,		0,		0,		0,		1495,		6,		0,		
12.116382,		1.004444,		0,		0,		0,		-nan,		0,		inf,		-inf,		0,		-nan,		inf,		-inf,		0,		0,		0,		0,		0,		0,		0.2929,		0.119,		31940,		0,		0,		0,		3904,		0,		0,		0,		24,		0,		0,		0,		1506,		6,		0.1244,		
13.122443,		1.005815,		0,		0,		0,		-nan,		0,		inf,		-inf,		0,		-nan,		inf,		-inf,		0,		0,		0,		0,		0,		0,		0.3,		0.1191,		31940,		0,		0,		0,		3904,		0,		0,		0,		24,		0,		0,		0,		1521,		6,		0,		
14.127855,		1.005208,		0,		0,		0,		-nan,		0,		inf,		-inf,		0,		-nan,		inf,		-inf,		0,		0,		0,		0,		0,		0,		0.3061,		0.1191,		31940,		0,		0,		0,		3904,		0,		0,		0,		24,		0,		0,		0,		1533,		6,		0.1243,		
15.132598,		1.004502,		0,		0,		0,		-nan,		0,		inf,		-inf,		0,		-nan,		inf,		-inf,		0,		0,		0,		0,		0,		0,		0.3114,		0.1191,		31940,		0,		0,		0,		3904,		0,		0,		0,		24,		0,		0,		0,		1544,		6,		0.1244,		
16.137264,		1.004426,		0,		0,		0,		-nan,		0,		inf,		-inf,		0,		-nan,		inf,		-inf,		0,		0,		0,		0,		0,		0,		0.3171,		0.1191,		31940,		0,		0,		0,		3904,		0,		0,		0,		24,		0,		0,		0,		1559,		6,		0,		
17.143053,		1.005666,		0,		0,		0,		-nan,		0,		inf,		-inf,		0,		-nan,		inf,		-inf,		0,		0,		0,		0,		0,		0,		0.3235,		0.1191,		31940,		0,		0,		0,		3904,		0,		0,		0,		32,		0,		0,		0,		1570,		6,		0.1243,		
18.148565,		1.005261,		0,		0,		0,		-nan,		0,		inf,		-inf,		0,		-nan,		inf,		-inf,		0,		0,		0,		0,		0,		0,		0.3294,		0.1193,		31940,		0,		0,		0,		3904,		0,		0,		0,		40,		0,		0,		0,		1581,		6,		0,		
19.153460,		1.004649,		0,		0,		0,		-nan,		0,		inf,		-inf,		0,		-nan,		inf,		-inf,		0,		0,		0,		0,		0,		0,		0.3349,		0.1196,		31940,		0,		0,		0,		3904,		0,		0,		0,		40,		0,		0,		0,		1596,		6,		0.1244,		
20.159191,		1.005632,		0,		0,		0,		-nan,		0,		inf,		-inf,		0,		-nan,		inf,		-inf,		0,		0,		0,		0,		0,		0,		0.341,		0.1201,		31940,		0,		0,		0,		3904,		0,		0,		0,		40,		0,		0,		0,		1608,		6,		0.2486,		
21.163765,		1.004311,		0,		0,		0,		-nan,		0,		inf,		-inf,		0,		-nan,		inf,		-inf,		0,		0,		0,		0,		0,		0,		0.3461,		0.1201,		31940,		0,		0,		0,		3904,		0,		0,		0,		40,		0,		0,		0,		1619,		6,		0,		
22.169003,		1.005136,		0,		0,		0,		-nan,		0,		inf,		-inf,		0,		-nan,		inf,		-inf,		0,		0,		0,		0,		0,		0,		0.3532,		0.1201,		31940,		0,		0,		0,		3904,		0,		0,		0,		40,		0,		0,		0,		1634,		7,		0.1243,		
23.184704,		1.015486,		1,		0,		8,		inf,		122189,		-7.376e+08,		-7.376e+08,		-7.376e+08,		0.1064,		inf,		-inf,		0,		0,		0,		0,		0,		0,		0.3705,		0.1201,		31940,		0,		0,		0,		3904,		0,		0,		0,		40,		0,		0,		0,		1651,		8,		0.2461,		
24.190758,		1.005823,		0,		0,		0,		-nan,		0,		inf,		-inf,		0,		-nan,		inf,		-inf,		0,		0,		0,		0,		0,		0,		0.3772,		0.1201,		31940,		0,		0,		0,		3904,		0,		0,		0,		48,		0,		0,		0,		1662,		8,		0,		
25.195812,		1.004957,		0,		0,		0,		-nan,		0,		inf,		-inf,		0,		-nan,		inf,		-inf,		0,		0,		0,		0,		0,		0,		0.3833,		0.1201,		31940,		0,		0,		0,		3904,		0,		0,		0,		48,		0,		0,		0,		1676,		8,		0.1244,		
26.202208,		1.006148,		0,		0,		0,		-nan,		0,		inf,		-inf,		0,		-nan,		inf,		-inf,		0,		0,		0,		0,		0,		0,		0.391,		0.1201,		31940,		0,		0,		0,		3904,		0,		0,		0,		48,		0,		0,		0,		1689,		8,		0.1242,		
27.208157,		1.005837,		0,		0,		0,		-nan,		0,		inf,		-inf,		0,		-nan,		inf,		-inf,		0,		0,		0,		0,		0,		0,		0.3977,		0.1201,		31940,		0,		0,		0,		3904,		0,		0,		0,		48,		0,		0,		0,		1700,		8,		0,		
28.213676,		1.005415,		0,		0,		0,		-nan,		0,		inf,		-inf,		0,		-nan,		inf,		-inf,		0,		0,		0,		0,		0,		0,		0.4045,		0.1201,		31940,		0,		0,		0,		3904,		0,		0,		0,		48,		0,		0,		0,		1715,		8,		0.1243,		
29.218500,		1.004576,		0,		0,		0,		-nan,		0,		inf,		-inf,		0,		-nan,		inf,		-inf,		0,		0,		0,		0,		0,		0,		0.41,		0.1201,		31940,		0,		0,		0,		3904,		0,		0,		0,		48,		0,		0,		0,		1727,		8,		0,		
30.224527,		1.005923,		0,		0,		0,		-nan,		0,		inf,		-inf,		0,		-nan,		inf,		-inf,		0,		0,		0,		0,		0,		0,		0.4174,		0.1201,		31940,		0,		0,		0,		3905,		0,		0,		0,		56,		0,		0,		0,		1742,		8,		0.1243,		
Maximum runtime reached. Exiting.
