Experiment id: b920253e-70a6-4d49-9501-b94a41818d9e
Performance Test Version: 57791ae
Logfile name: 
Communication mean: ROS2
RMW Implementation: rmw_fastrtps_cpp
DDS domain id: 0
QOS: Reliability: RELIABLE Durability: VOLATILE History kind: KEEP_LAST History depth: 10 Sync. pub/sub: 0
Publishing rate: 100
Topic name: Array60k
Maximum runtime (sec): 30
Number of publishers: 0
Number of subscribers: 1
Memory check enabled: 0
Use single participant: 0
With security: 0
Roundtrip Mode: NONE
Ignore seconds from beginning: 1

---EXPERIMENT-START---
T_experiment,	T_loop,	received,	sent,	lost,	relative_loss,	data_received,	latency_min (ms),	latency_max (ms),	latency_mean (ms),	latency_variance (ms),	pub_loop_res_min (ms),	pub_loop_res_max (ms),	pub_loop_res_mean (ms),	pub_loop_res_variance (ms),	sub_loop_res_min (ms),	sub_loop_res_max (ms),	sub_loop_res_mean (ms),	sub_loop_res_variance (ms),	ru_utime,	ru_stime,	ru_maxrss,	ru_ixrss,	ru_idrss,	ru_isrss,	ru_minflt,	ru_majflt,	ru_nswap,	ru_inblock,	ru_oublock,	ru_msgsnd,	ru_msgrcv,	ru_nsignals,	ru_nvcsw,	ru_nivcsw,	cpu_usage (%),	
2.032955,		1.032453,		94,		0,		0,		-nan,		5835410,		-7.366e+08,		-7.366e+08,		-7.366e+08,		1.224,		inf,		-inf,		0,		0,		0,		0,		0,		0,		0.06817,		0.02983,		32240,		0,		0,		0,		3910,		0,		0,		0,		8,		0,		0,		0,		724,		5,		0.6053,		
3.036450,		1.003388,		98,		0,		0,		-nan,		6070694,		-7.366e+08,		-7.366e+08,		-7.366e+08,		0.4018,		inf,		-inf,		0,		0,		0,		0,		0,		0,		0.08538,		0.04044,		32240,		0,		0,		0,		3910,		0,		0,		0,		8,		0,		0,		0,		1085,		5,		0.4983,		
4.101908,		1.065357,		81,		0,		0,		-nan,		5021917,		-7.366e+08,		-7.366e+08,		-7.366e+08,		3.304,		inf,		-inf,		0,		0,		0,		0,		0,		0,		0.1639,		0.04554,		32240,		0,		0,		0,		3910,		0,		0,		0,		8,		0,		0,		0,		1396,		8,		0.9386,		
5.190749,		1.088755,		17,		0,		1,		inf,		1095962,		-7.366e+08,		-7.366e+08,		-7.366e+08,		19.65,		inf,		-inf,		0,		0,		0,		0,		0,		0,		0.2546,		0.04828,		32240,		0,		0,		0,		3910,		0,		0,		0,		8,		0,		0,		0,		1466,		10,		1.033,		
6.192205,		1.001384,		30,		0,		0,		-nan,		1862662,		-7.366e+08,		-7.366e+08,		-7.366e+08,		46.43,		inf,		-inf,		0,		0,		0,		0,		0,		0,		0.258,		0.05498,		32240,		0,		0,		0,		3910,		0,		0,		0,		8,		0,		0,		0,		1591,		11,		0.1248,		
7.194150,		1.001864,		102,		0,		120,		inf,		6320460,		-7.366e+08,		-7.366e+08,		-7.366e+08,		254,		inf,		-inf,		0,		0,		0,		0,		0,		0,		0.2755,		0.06123,		32240,		0,		0,		0,		3910,		0,		0,		0,		8,		0,		0,		0,		1929,		11,		0.3743,		
8.215678,		1.021453,		94,		0,		0,		-nan,		5827252,		-7.366e+08,		-7.366e+08,		-7.366e+08,		0.4994,		inf,		-inf,		0,		0,		0,		0,		0,		0,		0.3063,		0.07232,		32240,		0,		0,		0,		3910,		0,		0,		0,		8,		0,		0,		0,		2275,		13,		0.4895,		
9.229883,		1.014116,		92,		0,		0,		-nan,		5654721,		-7.366e+08,		-7.366e+08,		-7.366e+08,		1.581,		inf,		-inf,		0,		0,		0,		0,		0,		0,		0.3388,		0.07578,		32240,		0,		0,		0,		3910,		0,		0,		0,		8,		0,		0,		0,		2605,		15,		0.3697,		
10.230302,		1.000325,		96,		0,		11,		inf,		5938417,		-7.366e+08,		-7.366e+08,		-7.366e+08,		6.093,		inf,		-inf,		0,		0,		0,		0,		0,		0,		0.3411,		0.09304,		32240,		0,		0,		0,		3910,		0,		0,		0,		8,		0,		0,		0,		2898,		17,		0.3748,		
11.248794,		1.018411,		89,		0,		12,		inf,		5528751,		-7.366e+08,		-7.366e+08,		-7.366e+08,		4.792,		inf,		-inf,		0,		0,		0,		0,		0,		0,		0.3694,		0.09911,		32240,		0,		0,		0,		3910,		0,		0,		0,		8,		0,		0,		0,		3054,		17,		0.2455,		
12.257606,		1.008725,		106,		0,		0,		-nan,		6516605,		-7.366e+08,		-7.366e+08,		-7.366e+08,		1.313,		inf,		-inf,		0,		0,		0,		0,		0,		0,		0.3948,		0.1034,		32240,		0,		0,		0,		3910,		0,		0,		0,		8,		0,		0,		0,		3262,		17,		0.4956,		
13.261755,		1.004047,		100,		0,		0,		-nan,		6152861,		-7.366e+08,		-7.366e+08,		-7.366e+08,		0.8242,		inf,		-inf,		0,		0,		0,		0,		0,		0,		0.4172,		0.1116,		32240,		0,		0,		0,		3910,		0,		0,		0,		8,		0,		0,		0,		3585,		18,		0.3735,		
14.275041,		1.013195,		90,		0,		0,		-nan,		5569460,		-7.366e+08,		-7.366e+08,		-7.366e+08,		2.338,		inf,		-inf,		0,		0,		0,		0,		0,		0,		0.4489,		0.1147,		32240,		0,		0,		0,		3910,		0,		0,		0,		8,		0,		0,		0,		3835,		18,		0.3701,		
15.282923,		1.007792,		105,		0,		3,		inf,		6489567,		-7.366e+08,		-7.366e+08,		-7.366e+08,		2.925,		inf,		-inf,		0,		0,		0,		0,		0,		0,		0.4751,		0.1163,		32240,		0,		0,		0,		3910,		0,		0,		0,		16,		0,		0,		0,		4036,		18,		0.3721,		
16.284468,		1.001462,		98,		0,		0,		-nan,		6036513,		-7.366e+08,		-7.366e+08,		-7.366e+08,		0.4981,		inf,		-inf,		0,		0,		0,		0,		0,		0,		0.4956,		0.1214,		32240,		0,		0,		0,		3910,		0,		0,		0,		16,		0,		0,		0,		4324,		19,		0.3744,		
17.287626,		1.003080,		109,		0,		0,		-nan,		6749862,		-7.366e+08,		-7.366e+08,		-7.366e+08,		1.024,		inf,		-inf,		0,		0,		0,		0,		0,		0,		0.5123,		0.1268,		32240,		0,		0,		0,		3910,		0,		0,		0,		16,		0,		0,		0,		4536,		19,		0.2492,		
18.298906,		1.011205,		100,		0,		0,		-nan,		6187533,		-7.366e+08,		-7.366e+08,		-7.366e+08,		0.6782,		inf,		-inf,		0,		0,		0,		0,		0,		0,		0.5354,		0.1338,		32240,		0,		0,		0,		3910,		0,		0,		0,		16,		0,		0,		0,		4734,		19,		0.3708,		
19.303959,		1.004954,		75,		0,		0,		-nan,		4618461,		-7.366e+08,		-7.366e+08,		-7.366e+08,		6.179,		inf,		-inf,		0,		0,		0,		0,		0,		0,		0.5527,		0.1395,		32240,		0,		0,		0,		3910,		0,		0,		0,		16,		0,		0,		0,		4972,		21,		0.2487,		
20.404121,		1.100080,		90,		0,		0,		-nan,		5564705,		-7.366e+08,		-7.366e+08,		-7.366e+08,		0.6867,		inf,		-inf,		0,		0,		0,		0,		0,		0,		0.6741,		0.1408,		32240,		0,		0,		0,		3910,		0,		0,		0,		16,		0,		0,		0,		5287,		21,		1.477,		
21.405563,		1.001365,		0,		0,		0,		-nan,		0,		inf,		-inf,		0,		-nan,		inf,		-inf,		0,		0,		0,		0,		0,		0,		0.6755,		0.1412,		32240,		0,		0,		0,		3910,		0,		0,		0,		16,		0,		0,		0,		5298,		21,		0,		
22.406921,		1.001269,		0,		0,		0,		-nan,		0,		inf,		-inf,		0,		-nan,		inf,		-inf,		0,		0,		0,		0,		0,		0,		0.6773,		0.1415,		32240,		0,		0,		0,		3910,		0,		0,		0,		16,		0,		0,		0,		5314,		21,		0,		
23.411646,		1.004630,		0,		0,		0,		-nan,		0,		inf,		-inf,		0,		-nan,		inf,		-inf,		0,		0,		0,		0,		0,		0,		0.6826,		0.1415,		32240,		0,		0,		0,		3910,		0,		0,		0,		16,		0,		0,		0,		5325,		21,		0.1244,		
24.414331,		1.002474,		0,		0,		0,		-nan,		0,		inf,		-inf,		0,		-nan,		inf,		-inf,		0,		0,		0,		0,		0,		0,		0.6859,		0.1415,		32240,		0,		0,		0,		3910,		0,		0,		0,		16,		0,		0,		0,		5336,		21,		0,		
25.415640,		1.001231,		0,		0,		0,		-nan,		0,		inf,		-inf,		0,		-nan,		inf,		-inf,		0,		0,		0,		0,		0,		0,		0.6879,		0.1415,		32240,		0,		0,		0,		3910,		0,		0,		0,		16,		0,		0,		0,		5352,		21,		0,		
26.416981,		1.001237,		0,		0,		0,		-nan,		0,		inf,		-inf,		0,		-nan,		inf,		-inf,		0,		0,		0,		0,		0,		0,		0.6897,		0.1415,		32240,		0,		0,		0,		3910,		0,		0,		0,		16,		0,		0,		0,		5363,		21,		0,		
27.418388,		1.001295,		0,		0,		0,		-nan,		0,		inf,		-inf,		0,		-nan,		inf,		-inf,		0,		0,		0,		0,		0,		0,		0.6915,		0.1415,		32240,		0,		0,		0,		3910,		0,		0,		0,		24,		0,		0,		0,		5374,		21,		0.1248,		
28.419733,		1.001227,		0,		0,		0,		-nan,		0,		inf,		-inf,		0,		-nan,		inf,		-inf,		0,		0,		0,		0,		0,		0,		0.6936,		0.1415,		32240,		0,		0,		0,		3910,		0,		0,		0,		24,		0,		0,		0,		5389,		21,		0,		
29.421076,		1.001249,		0,		0,		0,		-nan,		0,		inf,		-inf,		0,		-nan,		inf,		-inf,		0,		0,		0,		0,		0,		0,		0.6953,		0.1415,		32240,		0,		0,		0,		3910,		0,		0,		0,		24,		0,		0,		0,		5400,		21,		0,		
30.422356,		1.001158,		0,		0,		0,		-nan,		0,		inf,		-inf,		0,		-nan,		inf,		-inf,		0,		0,		0,		0,		0,		0,		0.6977,		0.1416,		32240,		0,		0,		0,		3910,		0,		0,		0,		24,		0,		0,		0,		5421,		21,		0,		
Maximum runtime reached. Exiting.
