Experiment id: 7797fc94-af92-4a3c-87c8-2079217aa54b
Performance Test Version: 57791ae
Logfile name: 
Communication mean: ROS2
RMW Implementation: rmw_fastrtps_cpp
DDS domain id: 0
QOS: Reliability: RELIABLE Durability: VOLATILE History kind: KEEP_LAST History depth: 10 Sync. pub/sub: 0
Publishing rate: 80
Topic name: Array60k
Maximum runtime (sec): 30
Number of publishers: 0
Number of subscribers: 1
Memory check enabled: 0
Use single participant: 0
With security: 0
Roundtrip Mode: NONE
Ignore seconds from beginning: 1

---EXPERIMENT-START---
T_experiment,	T_loop,	received,	sent,	lost,	relative_loss,	data_received,	latency_min (ms),	latency_max (ms),	latency_mean (ms),	latency_variance (ms),	pub_loop_res_min (ms),	pub_loop_res_max (ms),	pub_loop_res_mean (ms),	pub_loop_res_variance (ms),	sub_loop_res_min (ms),	sub_loop_res_max (ms),	sub_loop_res_mean (ms),	sub_loop_res_variance (ms),	ru_utime,	ru_stime,	ru_maxrss,	ru_ixrss,	ru_idrss,	ru_isrss,	ru_minflt,	ru_majflt,	ru_nswap,	ru_inblock,	ru_oublock,	ru_msgsnd,	ru_msgrcv,	ru_nsignals,	ru_nvcsw,	ru_nivcsw,	cpu_usage (%),	
2.020272,		1.010716,		75,		0,		0,		-nan,		4626478,		-7.366e+08,		-7.366e+08,		-7.366e+08,		0.9533,		inf,		-inf,		0,		0,		0,		0,		0,		0,		0.06943,		0.0248,		32208,		0,		0,		0,		3911,		0,		0,		0,		8,		0,		0,		0,		647,		7,		0.371,		
3.022748,		1.002372,		84,		0,		0,		-nan,		5167753,		-7.366e+08,		-7.366e+08,		-7.366e+08,		1.309,		inf,		-inf,		0,		0,		0,		0,		0,		0,		0.09345,		0.02748,		32208,		0,		0,		0,		3911,		0,		0,		0,		8,		0,		0,		0,		962,		7,		0.3741,		
4.034583,		1.011725,		78,		0,		0,		-nan,		4843124,		-7.366e+08,		-7.366e+08,		-7.366e+08,		0.221,		inf,		-inf,		0,		0,		0,		0,		0,		0,		0.1195,		0.03487,		32208,		0,		0,		0,		3911,		0,		0,		0,		8,		0,		0,		0,		1265,		8,		0.3706,		
5.043407,		1.008743,		83,		0,		0,		-nan,		5101958,		-7.366e+08,		-7.366e+08,		-7.366e+08,		0.09188,		inf,		-inf,		0,		0,		0,		0,		0,		0,		0.1397,		0.04818,		32208,		0,		0,		0,		3911,		0,		0,		0,		8,		0,		0,		0,		1591,		10,		0.3717,		
6.053157,		1.009659,		79,		0,		0,		-nan,		4873706,		-7.366e+08,		-7.366e+08,		-7.366e+08,		0.04203,		inf,		-inf,		0,		0,		0,		0,		0,		0,		0.1596,		0.05986,		32208,		0,		0,		0,		3911,		0,		0,		0,		8,		0,		0,		0,		1899,		10,		0.3714,		
7.058976,		1.005723,		80,		0,		0,		-nan,		4929609,		-7.366e+08,		-7.366e+08,		-7.366e+08,		0.02973,		inf,		-inf,		0,		0,		0,		0,		0,		0,		0.1856,		0.06364,		32208,		0,		0,		0,		3911,		0,		0,		0,		8,		0,		0,		0,		2220,		12,		0.4971,		
8.080019,		1.020960,		74,		0,		0,		-nan,		4582612,		-7.366e+08,		-7.366e+08,		-7.366e+08,		1.073,		inf,		-inf,		0,		0,		0,		0,		0,		0,		0.2174,		0.07248,		32208,		0,		0,		0,		3911,		0,		0,		0,		8,		0,		0,		0,		2499,		13,		0.4897,		
9.091175,		1.011081,		64,		0,		0,		-nan,		3972527,		-7.366e+08,		-7.366e+08,		-7.366e+08,		4.144,		inf,		-inf,		0,		0,		0,		0,		0,		0,		0.2341,		0.08466,		32208,		0,		0,		0,		3911,		0,		0,		0,		8,		0,		0,		0,		2746,		13,		0.3709,		
10.105780,		1.014511,		65,		0,		0,		-nan,		4011279,		-7.366e+08,		-7.366e+08,		-7.366e+08,		6.759,		inf,		-inf,		0,		0,		0,		0,		0,		0,		0.2489,		0.1005,		32208,		0,		0,		0,		3911,		0,		0,		0,		8,		0,		0,		0,		2990,		14,		0.3696,		
11.130615,		1.024751,		87,		0,		0,		-nan,		5390949,		-7.366e+08,		-7.366e+08,		-7.366e+08,		1.348,		inf,		-inf,		0,		0,		0,		0,		0,		0,		0.283,		0.1132,		32208,		0,		0,		0,		3911,		0,		0,		0,		8,		0,		0,		0,		3294,		17,		0.6099,		
12.142136,		1.011432,		101,		0,		0,		-nan,		6236500,		-7.366e+08,		-7.366e+08,		-7.366e+08,		8.129,		inf,		-inf,		0,		0,		0,		0,		0,		0,		0.3187,		0.1159,		32208,		0,		0,		0,		3911,		0,		0,		0,		8,		0,		0,		0,		3651,		19,		0.3707,		
13.144610,		1.002383,		86,		0,		0,		-nan,		5285693,		-7.366e+08,		-7.366e+08,		-7.366e+08,		0.4526,		inf,		-inf,		0,		0,		0,		0,		0,		0,		0.3305,		0.1312,		32208,		0,		0,		0,		3911,		0,		0,		0,		8,		0,		0,		0,		3979,		19,		0.4988,		
14.170113,		1.025408,		78,		0,		0,		-nan,		4843080,		-7.366e+08,		-7.366e+08,		-7.366e+08,		0.1656,		inf,		-inf,		0,		0,		0,		0,		0,		0,		0.376,		0.1316,		32208,		0,		0,		0,		3911,		0,		0,		0,		8,		0,		0,		0,		4279,		21,		0.4876,		
15.172717,		1.002512,		78,		0,		0,		-nan,		4794209,		-7.366e+08,		-7.366e+08,		-7.366e+08,		0.2964,		inf,		-inf,		0,		0,		0,		0,		0,		0,		0.397,		0.1356,		32208,		0,		0,		0,		3911,		0,		0,		0,		16,		0,		0,		0,		4577,		21,		0.2494,		
16.184330,		1.011519,		83,		0,		0,		-nan,		5148851,		-7.366e+08,		-7.366e+08,		-7.366e+08,		0.06718,		inf,		-inf,		0,		0,		0,		0,		0,		0,		0.4247,		0.1432,		32208,		0,		0,		0,		3911,		0,		0,		0,		16,		0,		0,		0,		4897,		22,		0.4943,		
17.215282,		1.030867,		60,		0,		0,		-nan,		3705866,		-7.366e+08,		-7.366e+08,		-7.366e+08,		5.565,		inf,		-inf,		0,		0,		0,		0,		0,		0,		0.4676,		0.1476,		32208,		0,		0,		0,		3911,		0,		0,		0,		16,		0,		0,		0,		5128,		24,		0.485,		
18.222149,		1.006783,		57,		0,		0,		-nan,		3516952,		-7.366e+08,		-7.366e+08,		-7.366e+08,		6.601,		inf,		-inf,		0,		0,		0,		0,		0,		0,		0.4886,		0.1496,		32208,		0,		0,		0,		3911,		0,		0,		0,		16,		0,		0,		0,		5357,		25,		0.2483,		
19.223310,		1.001078,		94,		0,		0,		-nan,		5798601,		-7.366e+08,		-7.366e+08,		-7.366e+08,		5.578,		inf,		-inf,		0,		0,		0,		0,		0,		0,		0.5061,		0.1553,		32208,		0,		0,		0,		3911,		0,		0,		0,		16,		0,		0,		0,		5677,		25,		0.3746,		
20.230715,		1.007318,		108,		0,		0,		-nan,		6690985,		-7.366e+08,		-7.366e+08,		-7.366e+08,		11.65,		inf,		-inf,		0,		0,		0,		0,		0,		0,		0.5245,		0.1649,		32208,		0,		0,		0,		3911,		0,		0,		0,		16,		0,		0,		0,		5896,		25,		0.3722,		
21.242294,		1.011489,		77,		0,		0,		-nan,		4758214,		-7.366e+08,		-7.366e+08,		-7.366e+08,		0.8267,		inf,		-inf,		0,		0,		0,		0,		0,		0,		0.5464,		0.1739,		32208,		0,		0,		0,		3911,		0,		0,		0,		16,		0,		0,		0,		6187,		25,		0.3707,		
22.245689,		1.003316,		82,		0,		0,		-nan,		5042589,		-7.366e+08,		-7.366e+08,		-7.366e+08,		0.3748,		inf,		-inf,		0,		0,		0,		0,		0,		0,		0.5704,		0.1751,		32208,		0,		0,		0,		3911,		0,		0,		0,		16,		0,		0,		0,		6501,		25,		0.3737,		
23.261721,		1.015936,		75,		0,		0,		-nan,		4654795,		-7.366e+08,		-7.366e+08,		-7.366e+08,		0.3149,		inf,		-inf,		0,		0,		0,		0,		0,		0,		0.5985,		0.1811,		32208,		0,		0,		0,		3911,		0,		0,		0,		16,		0,		0,		0,		6760,		25,		0.3691,		
24.271456,		1.009642,		84,		0,		0,		-nan,		5201838,		-7.366e+08,		-7.366e+08,		-7.366e+08,		0.246,		inf,		-inf,		0,		0,		0,		0,		0,		0,		0.6193,		0.1848,		32208,		0,		0,		0,		3911,		0,		0,		0,		16,		0,		0,		0,		6931,		26,		0.2476,		
25.280779,		1.009218,		80,		0,		0,		-nan,		4929879,		-7.366e+08,		-7.366e+08,		-7.366e+08,		0.07537,		inf,		-inf,		0,		0,		0,		0,		0,		0,		0.6367,		0.1974,		32208,		0,		0,		0,		3911,		0,		0,		0,		16,		0,		0,		0,		7208,		28,		0.3715,		
26.284138,		1.003274,		79,		0,		0,		-nan,		4871140,		-7.366e+08,		-7.366e+08,		-7.366e+08,		0.04961,		inf,		-inf,		0,		0,		0,		0,		0,		0,		0.6516,		0.2073,		32208,		0,		0,		0,		3911,		0,		0,		0,		16,		0,		0,		0,		7513,		30,		0.3737,		
27.294796,		1.010563,		76,		0,		0,		-nan,		4716129,		-7.366e+08,		-7.366e+08,		-7.366e+08,		0.6373,		inf,		-inf,		0,		0,		0,		0,		0,		0,		0.6743,		0.2166,		32208,		0,		0,		0,		3911,		0,		0,		0,		16,		0,		0,		0,		7805,		34,		0.371,		
28.302570,		1.007693,		82,		0,		0,		-nan,		5047215,		-7.366e+08,		-7.366e+08,		-7.366e+08,		0.1484,		inf,		-inf,		0,		0,		0,		0,		0,		0,		0.689,		0.2313,		32208,		0,		0,		0,		3911,		0,		0,		0,		16,		0,		0,		0,		8123,		35,		0.3721,		
29.308929,		1.006268,		81,		0,		0,		-nan,		5000471,		-7.366e+08,		-7.366e+08,		-7.366e+08,		0.07662,		inf,		-inf,		0,		0,		0,		0,		0,		0,		0.7094,		0.2381,		32208,		0,		0,		0,		3911,		0,		0,		0,		16,		0,		0,		0,		8434,		35,		0.2484,		
30.331238,		1.022212,		57,		0,		0,		-nan,		3541946,		-7.366e+08,		-7.366e+08,		-7.366e+08,		0.02292,		inf,		-inf,		0,		0,		0,		0,		0,		0,		0.7429,		0.2444,		32208,		0,		0,		0,		3911,		0,		0,		0,		16,		0,		0,		0,		8720,		35,		0.6114,		
Maximum runtime reached. Exiting.
